                   1      0.124836456403481E-00016
                   2      0.124840293879421E-00016
                   3      0.124851377487869E-00016
                   4      0.124869260821181E-00016
                   5      0.124893613283751E-00016
                   6      0.124924162758408E-00016
                   7      0.124960638060039E-00016
                   8      0.125002672938140E-00016
                   9      0.125049984873521E-00016
                  10      0.125102194746984E-00016
                  11      0.125158925108577E-00016
                  12      0.125219713216994E-00016
                  13      0.125283974720523E-00016
                  14      0.125350786061509E-00016
                  15      0.125418324661696E-00016
                  16      0.125482853331003E-00016
                  17      0.125537921972449E-00016
                  18      0.125578269014995E-00016
                  19      0.125608047165699E-00016
                  20      0.125631711495400E-00016
                  21      0.125646368142087E-00016
                  22      0.125648255943910E-00016
                  23      0.125632393943647E-00016
                  24      0.125593815074284E-00016
                  25      0.125528435421623E-00016
                  26      0.125432917418466E-00016
                  27      0.125305106843854E-00016
                  28      0.125144280239594E-00016
                  29      0.124951134913044E-00016
                  30      0.124727707622070E-00016
                  31      0.124477439822806E-00016
                  32      0.124204895838272E-00016
                  33      0.123915221102850E-00016
                  34      0.123613680101418E-00016
                  35      0.123305413228974E-00016
                  36      0.122995371540844E-00016
                  37      0.122688270941107E-00016
                  38      0.122388486344886E-00016
                  39      0.122099955201541E-00016
                  40      0.121826142412620E-00016
                  41      0.121570059944419E-00016
                  42      0.121334359819873E-00016
                  43      0.121121429618807E-00016
                  44      0.120933818499990E-00016
                  45      0.120774129593477E-00016
                  46      0.120640655702551E-00016
                  47      0.120534216814086E-00016
                  48      0.120456334907596E-00016
                  49      0.120408748313399E-00016
                  50      0.120393420366662E-00016
