                   1      0.124838233983378E-00016
                   2      0.124842086375713E-00016
                   3      0.124853056085953E-00016
                   4      0.124870810773971E-00016
                   5      0.124895064661959E-00016
                   6      0.124925620214072E-00016
                   7      0.124962275237692E-00016
                   8      0.125004570769211E-00016
                   9      0.125052237043775E-00016
                  10      0.125104895437534E-00016
                  11      0.125162081512221E-00016
                  12      0.125223307924486E-00016
                  13      0.125288018522371E-00016
                  14      0.125355402476837E-00016
                  15      0.125423773214250E-00016
                  16      0.125489198151341E-00016
                  17      0.125543926066556E-00016
                  18      0.125580936167636E-00016
                  19      0.125609432622528E-00016
                  20      0.125632351242358E-00016
                  21      0.125645989713002E-00016
                  22      0.125647221128581E-00016
                  23      0.125632347568897E-00016
                  24      0.125596290317312E-00016
                  25      0.125534083215924E-00016
                  26      0.125441394198631E-00016
                  27      0.125315265768335E-00016
                  28      0.125154724211825E-00016
                  29      0.124961136994063E-00016
                  30      0.124737328260195E-00016
                  31      0.124487185227373E-00016
                  32      0.124215158511284E-00016
                  33      0.123925916537623E-00016
                  34      0.123624236249184E-00016
                  35      0.123315044530085E-00016
                  36      0.123003411890127E-00016
                  37      0.122694364099813E-00016
                  38      0.122392570783037E-00016
                  39      0.122102117368117E-00016
                  40      0.121826518365021E-00016
                  41      0.121568886662294E-00016
                  42      0.121332025117469E-00016
                  43      0.121118353970056E-00016
                  44      0.120929825485327E-00016
                  45      0.120768158585739E-00016
                  46      0.120635811498809E-00016
                  47      0.120530777693629E-00016
                  48      0.120454336154395E-00016
                  49      0.120407981580052E-00016
                  50      0.120393410791499E-00016
