                   1      0.120393410826113E-00016
                   2      0.120411254857418E-00016
                   3      0.120463329898847E-00016
                   4      0.120548868616279E-00016
                   5      0.120666706488363E-00016
                   6      0.120815158302853E-00016
                   7      0.120992016345055E-00016
                   8      0.121194550328067E-00016
                   9      0.121419450364328E-00016
                  10      0.121662819187369E-00016
                  11      0.121920235731455E-00016
                  12      0.122186715491204E-00016
                  13      0.122456677989322E-00016
                  14      0.122724553807062E-00016
                  15      0.122985438990982E-00016
                  16      0.123235626693736E-00016
                  17      0.123471797750648E-00016
                  18      0.123689992872017E-00016
                  19      0.123886659444517E-00016
                  20      0.124059230388472E-00016
                  21      0.124205840551304E-00016
                  22      0.124324978011497E-00016
                  23      0.124415353986002E-00016
                  24      0.124476040385222E-00016
                  25      0.124506456242552E-00016
                  26      0.124507224183688E-00016
                  27      0.124478521307266E-00016
                  28      0.124419530816634E-00016
                  29      0.124330764574488E-00016
                  30      0.124213137709797E-00016
                  31      0.124067943469998E-00016
                  32      0.123896815854294E-00016
                  33      0.123701618809647E-00016
                  34      0.123484400859560E-00016
                  35      0.123247973719194E-00016
                  36      0.122996107667497E-00016
                  37      0.122732940651699E-00016
                  38      0.122463095975091E-00016
                  39      0.122191717283756E-00016
                  40      0.121924096300734E-00016
                  41      0.121665476426951E-00016
                  42      0.121420808444559E-00016
                  43      0.121194514293519E-00016
                  44      0.120990480107890E-00016
                  45      0.120812041267024E-00016
                  46      0.120662015223193E-00016
                  47      0.120542711960458E-00016
                  48      0.120455635657557E-00016
                  49      0.120403724730831E-00016
                  50      0.120399264692301E-00016
