                   1      0.124836456354845E-00016
                   2      0.124855505690942E-00016
                   3      0.124889632788223E-00016
                   4      0.124939260202421E-00016
                   5      0.125003863111623E-00016
                   6      0.125082272167289E-00016
                   7      0.125172243419214E-00016
                   8      0.125269986223236E-00016
                   9      0.125369959732179E-00016
                  10      0.125465118511490E-00016
                  11      0.125547675140253E-00016
                  12      0.125610355506264E-00016
                  13      0.125648718698739E-00016
                  14      0.125660198914637E-00016
                  15      0.125662481396451E-00016
                  16      0.125653526396756E-00016
                  17      0.125627463345551E-00016
                  18      0.125584317828878E-00016
                  19      0.125502863602900E-00016
                  20      0.125746843204989E-00016
                  21      0.126075638700408E-00016
                  22      0.126507017156870E-00016
                  23      0.127022523710518E-00016
                  24      0.127595373611104E-00016
                  25      0.128192236069087E-00016
                  26      0.128778509065925E-00016
                  27      0.129323442984208E-00016
                  28      0.129803413406500E-00016
                  29      0.130202973369312E-00016
                  30      0.130514124315307E-00016
                  31      0.130734572300911E-00016
                  32      0.130865843761787E-00016
                  33      0.130911650402044E-00016
                  34      0.130881280759546E-00016
                  35      0.130773946944869E-00016
                  36      0.130595026949635E-00016
                  37      0.130350402829361E-00016
                  38      0.130046144427576E-00016
                  39      0.129688205116366E-00016
                  40      0.129282494407950E-00016
                  41      0.128835434171280E-00016
                  42      0.128354780693069E-00016
                  43      0.127850348256425E-00016
                  44      0.127334812782732E-00016
                  45      0.126823176686834E-00016
                  46      0.126332092245709E-00016
                  47      0.125879170456655E-00016
                  48      0.125482201370706E-00016
                  49      0.125157746376460E-00016
                  50      0.124805278923919E-00016
