                   1      0.120393420401707E-00016
                   2      0.120411527086071E-00016
                   3      0.120464504154918E-00016
                   4      0.120550357983214E-00016
                   5      0.120667386065065E-00016
                   6      0.120814184554656E-00016
                   7      0.120989809566540E-00016
                   8      0.121191841840244E-00016
                   9      0.121416313321866E-00016
                  10      0.121659274701960E-00016
                  11      0.121916274042460E-00016
                  12      0.122182380006544E-00016
                  13      0.122452356367272E-00016
                  14      0.122720946702110E-00016
                  15      0.122983153131983E-00016
                  16      0.123234427602307E-00016
                  17      0.123470755795232E-00016
                  18      0.123688667441746E-00016
                  19      0.123885215328106E-00016
                  20      0.124057933725045E-00016
                  21      0.124204787637954E-00016
                  22      0.124324136894434E-00016
                  23      0.124414718815075E-00016
                  24      0.124475625683717E-00016
                  25      0.124506308821080E-00016
                  26      0.124507392146305E-00016
                  27      0.124479171577522E-00016
                  28      0.124420807817298E-00016
                  29      0.124332739043421E-00016
                  30      0.124215788045319E-00016
                  31      0.124071117356431E-00016
                  32      0.123900249736839E-00016
                  33      0.123705109414821E-00016
                  34      0.123488067936875E-00016
                  35      0.123252006904456E-00016
                  36      0.123000400596461E-00016
                  37      0.122737368199665E-00016
                  38      0.122467627445509E-00016
                  39      0.122196326804143E-00016
                  40      0.121928782327301E-00016
                  41      0.121670191990731E-00016
                  42      0.121425430712748E-00016
                  43      0.121198946507404E-00016
                  44      0.120994706480374E-00016
                  45      0.120816512241028E-00016
                  46      0.120667152190436E-00016
                  47      0.120547490618793E-00016
                  48      0.120459107328771E-00016
                  49      0.120403847137376E-00016
                  50      0.120383750657462E-00016
