                   1      0.608527840947400E-00017
                   2      0.608671265922740E-00017
                   3      0.609033554358392E-00017
                   4      0.609596560647420E-00017
                   5      0.610344131573939E-00017
                   6      0.611258419538443E-00017
                   7      0.612320442262167E-00017
                   8      0.613510134507964E-00017
                   9      0.614806404222279E-00017
                  10      0.616187294721919E-00017
                  11      0.617630196596483E-00017
                  12      0.619112067378155E-00017
                  13      0.620609673881436E-00017
                  14      0.622099862882648E-00017
                  15      0.623559821511431E-00017
                  16      0.624967304279141E-00017
                  17      0.626300863432408E-00017
                  18      0.627540125636536E-00017
                  19      0.628666104033972E-00017
                  20      0.629661499250972E-00017
                  21      0.630510961448530E-00017
                  22      0.631201320144324E-00017
                  23      0.631721791309696E-00017
                  24      0.632064126186367E-00017
                  25      0.632222473037373E-00017
                  26      0.632223306133197E-00017
                  27      0.632067382605817E-00017
                  28      0.631727774035691E-00017
                  29      0.631210032644170E-00017
                  30      0.630522351711091E-00017
                  31      0.629675511309748E-00017
                  32      0.628682704329568E-00017
                  33      0.627559289858623E-00017
                  34      0.626322526240042E-00017
                  35      0.624991311427914E-00017
                  36      0.623585932296292E-00017
                  37      0.622127809142735E-00017
                  38      0.620639227155560E-00017
                  39      0.619143058801811E-00017
                  40      0.617662485997952E-00017
                  41      0.616220731405008E-00017
                  42      0.614840808122171E-00017
                  43      0.613545292445438E-00017
                  44      0.612356117616032E-00017
                  45      0.611294391672627E-00017
                  46      0.610380261041652E-00017
                  47      0.609632827509033E-00017
                  48      0.609070015300866E-00017
                  49      0.608707997575520E-00017
                  50      0.608564792317301E-00017
