                   1      0.608527840807775E-00017
                   2      0.612175292119821E-00017
                   3      0.615133143844000E-00017
                   4      0.618471721185298E-00017
                   5      0.621914043749803E-00017
                   6      0.625199650558835E-00017
                   7      0.628069096653482E-00017
                   8      0.630293635099960E-00017
                   9      0.631697793785886E-00017
                  10      0.632213375941253E-00017
                  11      0.632238511322488E-00017
                  12      0.632238534442718E-00017
                  13      0.632235790582496E-00017
                  14      0.631955527264871E-00017
                  15      0.630847233161715E-00017
                  16      0.628885842645793E-00017
                  17      0.626216947500512E-00017
                  18      0.623051710392984E-00017
                  19      0.619639624555354E-00017
                  20      0.616257497150977E-00017
                  21      0.613191948756356E-00017
                  22      0.610236744175038E-00017
                  23      0.611596076339927E-00017
                  24      0.615359915825540E-00017
                  25      0.618339908817967E-00017
                  26      0.619014593035097E-00017
                  27      0.620084893292544E-00017
                  28      0.621797853222545E-00017
                  29      0.623983426857039E-00017
                  30      0.626497223155921E-00017
                  31      0.629166202691550E-00017
                  32      0.631842665126794E-00017
                  33      0.634403589023142E-00017
                  34      0.636752583315229E-00017
                  35      0.638820176845903E-00017
                  36      0.640560776128477E-00017
                  37      0.641947556435166E-00017
                  38      0.642967912541328E-00017
                  39      0.643621435730645E-00017
                  40      0.643920594133359E-00017
                  41      0.643893134912353E-00017
                  42      0.643590977905781E-00017
                  43      0.642496068220608E-00017
                  44      0.641267491506001E-00017
                  45      0.636471498894906E-00017
                  46      0.629850129831175E-00017
                  47      0.623277544706708E-00017
                  48      0.617633290318764E-00017
                  49      0.613252293207637E-00017
                  50      0.608719143577237E-00017
