                   1      0.553427545169260E-00016
                   2      0.553426661758730E-00016
                   3      0.532608940901477E-00016
                   4      0.511321136031568E-00016
                   5      0.489770227143211E-00016
                   6      0.468099545216328E-00016
                   7      0.446420067821723E-00016
                   8      0.424816520355474E-00016
                   9      0.403359220295712E-00016
                  10      0.382113638079958E-00016
                  11      0.361145531937541E-00016
                  12      0.340522488974281E-00016
                  13      0.320313488242159E-00016
                  14      0.300587699978357E-00016
                  15      0.281413156383791E-00016
                  16      0.262855541366564E-00016
                  17      0.244977164879568E-00016
                  18      0.227836110073378E-00016
                  19      0.211485482965931E-00016
                  20      0.195972673379493E-00016
                  21      0.181338604575715E-00016
                  22      0.167617032818274E-00016
                  23      0.154833928558797E-00016
                  24      0.143006835417767E-00016
                  25      0.132144061626854E-00016
                  26      0.122243749538096E-00016
                  27      0.113293166380593E-00016
                  28      0.105268648885073E-00016
                  29      0.981363536143899E-00017
                  30      0.918535562586702E-00017
                  31      0.863701340931083E-00017
                  32      0.816301237203094E-00017
                  33      0.775734991014652E-00017
                  34      0.741382111368410E-00017
                  35      0.712622078456944E-00017
                  36      0.688849945727247E-00017
                  37      0.669484626852686E-00017
                  38      0.653970472510883E-00017
                  39      0.641775348321789E-00017
                  40      0.632389209629182E-00017
                  41      0.625326097848611E-00017
                  42      0.620130537903873E-00017
                  43      0.616387938190908E-00017
                  44      0.613737307307128E-00017
                  45      0.611882267896029E-00017
                  46      0.610595809664992E-00017
                  47      0.609716797151402E-00017
                  48      0.609139567291872E-00017
                  49      0.608800498594039E-00017
                  50      0.608665837064086E-00017
