                   1      0.608527840801207E-00017
                   2      0.612522464854091E-00017
                   3      0.615585484541300E-00017
                   4      0.618998077699507E-00017
                   5      0.622493545136786E-00017
                   6      0.625792859066565E-00017
                   7      0.628630586629600E-00017
                   8      0.630775819133400E-00017
                   9      0.632055739019527E-00017
                  10      0.632438340161908E-00017
                  11      0.632448482437058E-00017
                  12      0.632448504545222E-00017
                  13      0.632443766129279E-00017
                  14      0.632140077943650E-00017
                  15      0.630979013648508E-00017
                  16      0.628946616632519E-00017
                  17      0.626200865252398E-00017
                  18      0.622964958916581E-00017
                  19      0.619499496688784E-00017
                  20      0.616072519763053E-00017
                  21      0.612920640812889E-00017
                  22      0.609839375000423E-00017
                  23      0.612980910877546E-00017
                  24      0.614749983384218E-00017
                  25      0.614867148764191E-00017
                  26      0.615941937670832E-00017
                  27      0.617830856071601E-00017
                  28      0.620531854081802E-00017
                  29      0.623771212669747E-00017
                  30      0.627332622909655E-00017
                  31      0.631029516770829E-00017
                  32      0.634693134069474E-00017
                  33      0.638177081246932E-00017
                  34      0.641363773420271E-00017
                  35      0.644167249502426E-00017
                  36      0.646531145945417E-00017
                  37      0.648423156744813E-00017
                  38      0.649828780725896E-00017
                  39      0.650747006785162E-00017
                  40      0.651189091832561E-00017
                  41      0.651180066306108E-00017
                  42      0.650208995133119E-00017
                  43      0.650182084505632E-00017
                  44      0.646059085433864E-00017
                  45      0.638672681551366E-00017
                  46      0.631014417458457E-00017
                  47      0.624005450212855E-00017
                  48      0.618108189910696E-00017
                  49      0.613522419051706E-00017
                  50      0.608564792010148E-00017
