                   1      0.608564792163539E-00017
                   2      0.608716137669551E-00017
                   3      0.609085519357061E-00017
                   4      0.609655929590951E-00017
                   5      0.610411185107829E-00017
                   6      0.611333356478395E-00017
                   7      0.612403352910355E-00017
                   8      0.613601029809452E-00017
                   9      0.614905251990592E-00017
                  10      0.616294032881275E-00017
                  11      0.617744734746181E-00017
                  12      0.619234299602609E-00017
                  13      0.620739487292659E-00017
                  14      0.622237101025668E-00017
                  15      0.623704221959720E-00017
                  16      0.625118490738944E-00017
                  17      0.626458410832057E-00017
                  18      0.627703617498918E-00017
                  19      0.628835123302765E-00017
                  20      0.629835583813351E-00017
                  21      0.630689577357429E-00017
                  22      0.631383871611786E-00017
                  23      0.631907656980816E-00017
                  24      0.632252697455130E-00017
                  25      0.632413171798285E-00017
                  26      0.632414877928775E-00017
                  27      0.632259754340181E-00017
                  28      0.631920286651679E-00017
                  29      0.631402062683596E-00017
                  30      0.630713296871509E-00017
                  31      0.629864771743593E-00017
                  32      0.628869671246820E-00017
                  33      0.627743365801329E-00017
                  34      0.626503171069271E-00017
                  35      0.625168083589816E-00017
                  36      0.623758497133475E-00017
                  37      0.622295911229165E-00017
                  38      0.620802647264083E-00017
                  39      0.619301581816272E-00017
                  40      0.617815895998426E-00017
                  41      0.616368833373550E-00017
                  42      0.614983460987989E-00017
                  43      0.613682432811815E-00017
                  44      0.612487760232089E-00017
                  45      0.611420612612843E-00017
                  46      0.610501188773142E-00017
                  47      0.609748647882776E-00017
                  48      0.609180954073151E-00017
                  49      0.608814270056040E-00017
                  50      0.608665837063468E-00017
