                   1      0.608665836975088E-00017
                   2      0.608814712099878E-00017
                   3      0.609181698725480E-00017
                   4      0.609749489598261E-00017
                   5      0.610501916952244E-00017
                   6      0.611421078206081E-00017
                   7      0.612487903831569E-00017
                   8      0.613682252661659E-00017
                   9      0.614982970339205E-00017
                  10      0.616368037225547E-00017
                  11      0.617814791530901E-00017
                  12      0.619300172870252E-00017
                  13      0.620800956673028E-00017
                  14      0.622293985731298E-00017
                  15      0.623756412560691E-00017
                  16      0.625165948278121E-00017
                  17      0.626501113531127E-00017
                  18      0.627741508857112E-00017
                  19      0.628868111668257E-00017
                  20      0.629863571143977E-00017
                  21      0.630712475778750E-00017
                  22      0.631401597320019E-00017
                  23      0.631920109978252E-00017
                  24      0.632259737428053E-00017
                  25      0.632414668865971E-00017
                  26      0.632412545230060E-00017
                  27      0.632252264999225E-00017
                  28      0.631907614411570E-00017
                  29      0.631384211231883E-00017
                  30      0.630690275348861E-00017
                  31      0.629836596149427E-00017
                  32      0.628836386354280E-00017
                  33      0.627705057893301E-00017
                  34      0.626459959329418E-00017
                  35      0.625120098911325E-00017
                  36      0.623705865333245E-00017
                  37      0.622238749408899E-00017
                  38      0.620741070241428E-00017
                  39      0.619235710702878E-00017
                  40      0.617745863269723E-00017
                  41      0.616294784399079E-00017
                  42      0.614905557043594E-00017
                  43      0.613600860313192E-00017
                  44      0.612402743316333E-00017
                  45      0.611332413871301E-00017
                  46      0.610410079539060E-00017
                  47      0.609654860434139E-00017
                  48      0.609084669388377E-00017
                  49      0.608715664371439E-00017
                  50      0.608564792237902E-00017
