                   1      0.608527840952563E-00017
                   2      0.608680226424172E-00017
                   3      0.609050758815189E-00017
                   4      0.609622542462314E-00017
                   5      0.610379392157970E-00017
                   6      0.611303317729443E-00017
                   7      0.612375154448556E-00017
                   8      0.613574737839397E-00017
                   9      0.614880973600854E-00017
                  10      0.616271940246265E-00017
                  11      0.617725049159196E-00017
                  12      0.619217241918048E-00017
                  13      0.620725215670296E-00017
                  14      0.622225678682611E-00017
                  15      0.623695635205342E-00017
                  16      0.625112689002044E-00017
                  17      0.626455339635858E-00017
                  18      0.627703243243432E-00017
                  19      0.628837442254439E-00017
                  20      0.629840604058602E-00017
                  21      0.630697293300651E-00017
                  22      0.631394254447265E-00017
                  23      0.631920657719760E-00017
                  24      0.632268253074734E-00017
                  25      0.632431248697778E-00017
                  26      0.632434659243843E-00017
                  27      0.632282047476267E-00017
                  28      0.631945004518585E-00017
                  29      0.631429133532258E-00017
                  30      0.630742633029897E-00017
                  31      0.629896273063821E-00017
                  32      0.628903235559025E-00017
                  33      0.627778895099934E-00017
                  34      0.626540571985703E-00017
                  35      0.625207262221063E-00017
                  36      0.623799350369968E-00017
                  37      0.622338321550925E-00017
                  38      0.620846487866319E-00017
                  39      0.619346729470288E-00017
                  40      0.617862241281407E-00017
                  41      0.616416281531772E-00017
                  42      0.615031922991060E-00017
                  43      0.613731807746635E-00017
                  44      0.612537918071661E-00017
                  45      0.611471400927093E-00017
                  46      0.610552475632334E-00017
                  47      0.609800364153098E-00017
                  48      0.609233073946935E-00017
                  49      0.608866725572298E-00017
                  50      0.608719143809443E-00017
