                   1      0.608564792103858E-00017
                   2      0.612940500984985E-00017
                   3      0.615977611527904E-00017
                   4      0.619319603301178E-00017
                   5      0.622678766256266E-00017
                   6      0.625818142596848E-00017
                   7      0.628519634214232E-00017
                   8      0.630590680139361E-00017
                   9      0.631894832862534E-00017
                  10      0.632397663932637E-00017
                  11      0.632428630606432E-00017
                  12      0.632428634754196E-00017
                  13      0.632428636105403E-00017
                  14      0.632408546480745E-00017
                  15      0.631972858035742E-00017
                  16      0.630755455204257E-00017
                  17      0.628769749284558E-00017
                  18      0.626141114453718E-00017
                  19      0.623052119142225E-00017
                  20      0.619689494738309E-00017
                  21      0.616134748098924E-00017
                  22      0.612318522310750E-00017
                  23      0.609061154923165E-00017
                  24      0.612785877734838E-00017
                  25      0.615290168718864E-00017
                  26      0.617290192864750E-00017
                  27      0.620546998600823E-00017
                  28      0.624531851126844E-00017
                  29      0.628840232204041E-00017
                  30      0.633274435294982E-00017
                  31      0.637660349445294E-00017
                  32      0.641842977873881E-00017
                  33      0.645693586711265E-00017
                  34      0.649115787212030E-00017
                  35      0.652046670906632E-00017
                  36      0.654452731798199E-00017
                  37      0.656323429386690E-00017
                  38      0.657663524002919E-00017
                  39      0.658490964524649E-00017
                  40      0.658841885450042E-00017
                  41      0.658841833254770E-00017
                  42      0.656333825455050E-00017
                  43      0.651991464232033E-00017
                  44      0.645918632125744E-00017
                  45      0.638808980326852E-00017
                  46      0.631531202882539E-00017
                  47      0.624762034519600E-00017
                  48      0.618914262979735E-00017
                  49      0.614251712722781E-00017
                  50      0.608719143636886E-00017
