                   1      0.608665837006372E-00017
                   2      0.608813235321630E-00017
                   3      0.609178859705797E-00017
                   4      0.609744989557842E-00017
                   5      0.610495511514989E-00017
                   6      0.611412550211663E-00017
                   7      0.612477052822290E-00017
                   8      0.613668895273890E-00017
                   9      0.614966956627836E-00017
                  10      0.616349270970335E-00017
                  11      0.617793232968929E-00017
                  12      0.619275815086692E-00017
                  13      0.620773789042653E-00017
                  14      0.622263969335789E-00017
                  15      0.623723482748259E-00017
                  16      0.625130038482283E-00017
                  17      0.626462185471248E-00017
                  18      0.627699575952564E-00017
                  19      0.628823242647391E-00017
                  20      0.629815873942665E-00017
                  21      0.630662082571673E-00017
                  22      0.631348663478519E-00017
                  23      0.631864814155770E-00017
                  24      0.632202263978692E-00017
                  25      0.632355103535984E-00017
                  26      0.632351863040606E-00017
                  27      0.632189909168585E-00017
                  28      0.631843879934380E-00017
                  29      0.631319320326732E-00017
                  30      0.630624455487672E-00017
                  31      0.629770079159736E-00017
                  32      0.628769394476550E-00017
                  33      0.627637795402814E-00017
                  34      0.626392619369739E-00017
                  35      0.625052883183432E-00017
                  36      0.623639005956578E-00017
                  37      0.622172521108765E-00017
                  38      0.620675784875493E-00017
                  39      0.619171695132209E-00017
                  40      0.617683432403163E-00017
                  41      0.616234222441068E-00017
                  42      0.614847108261720E-00017
                  43      0.613544722084085E-00017
                  44      0.612349061319210E-00017
                  45      0.611281288840353E-00017
                  46      0.610361587821813E-00017
                  47      0.609609072510047E-00017
                  48      0.609041648184101E-00017
                  49      0.608675445321281E-00017
                  50      0.608527840680647E-00017
