                   1      0.608665837034732E-00017
                   2      0.612351197109561E-00017
                   3      0.615249000778250E-00017
                   4      0.618522779908416E-00017
                   5      0.621882679051354E-00017
                   6      0.625097534334798E-00017
                   7      0.627930428406075E-00017
                   8      0.630173556778170E-00017
                   9      0.631669641724827E-00017
                  10      0.632348582138099E-00017
                  11      0.632428487129434E-00017
                  12      0.632428410159141E-00017
                  13      0.632428170765428E-00017
                  14      0.632336736062857E-00017
                  15      0.631636847441373E-00017
                  16      0.630125521725779E-00017
                  17      0.627872778618144E-00017
                  18      0.625034338618149E-00017
                  19      0.621814867999909E-00017
                  20      0.618432105807973E-00017
                  21      0.615057796592689E-00017
                  22      0.611700075393119E-00017
                  23      0.608733688397442E-00017
                  24      0.612396509360667E-00017
                  25      0.615140751616378E-00017
                  26      0.616908734023432E-00017
                  27      0.618782834921560E-00017
                  28      0.621554952417643E-00017
                  29      0.624778251572157E-00017
                  30      0.628246051506157E-00017
                  31      0.631787642099884E-00017
                  32      0.635258025563547E-00017
                  33      0.638535041550393E-00017
                  34      0.641522226048468E-00017
                  35      0.644149985196094E-00017
                  36      0.646373050462711E-00017
                  37      0.648165446935418E-00017
                  38      0.649515284884539E-00017
                  39      0.650421389946916E-00017
                  40      0.650892873312801E-00017
                  41      0.651039493591059E-00017
                  42      0.651039134232916E-00017
                  43      0.647476407642138E-00017
                  44      0.642425335232835E-00017
                  45      0.636096059342547E-00017
                  46      0.629317259497380E-00017
                  47      0.622924434357394E-00017
                  48      0.617428631843730E-00017
                  49      0.613127070697524E-00017
                  50      0.608527840879958E-00017
