                   1      0.608527840855789E-00017
                   2      0.614394693985618E-00017
                   3      0.617624891826616E-00017
                   4      0.621006705915100E-00017
                   5      0.624274353073225E-00017
                   6      0.627186106580143E-00017
                   7      0.629544839851970E-00017
                   8      0.631197983702249E-00017
                   9      0.632064301969326E-00017
                  10      0.632238460921048E-00017
                  11      0.632238944203335E-00017
                  12      0.632239148065890E-00017
                  13      0.632239113573997E-00017
                  14      0.632236139809066E-00017
                  15      0.632200196975345E-00017
                  16      0.631668851580161E-00017
                  17      0.630365510826469E-00017
                  18      0.628318193751439E-00017
                  19      0.625647675607106E-00017
                  20      0.622521047549174E-00017
                  21      0.619195389170250E-00017
                  22      0.611628230373954E-00017
                  23      0.616183745066838E-00017
                  24      0.621949416375075E-00017
                  25      0.627963129111695E-00017
                  26      0.634382584878644E-00017
                  27      0.641052040873103E-00017
                  28      0.647675020582456E-00017
                  29      0.654019438534951E-00017
                  30      0.659891874632253E-00017
                  31      0.665112163509514E-00017
                  32      0.669554997203121E-00017
                  33      0.673158380955287E-00017
                  34      0.675923258577714E-00017
                  35      0.677900611464081E-00017
                  36      0.679164005884387E-00017
                  37      0.679693299421874E-00017
                  38      0.679407861727250E-00017
                  39      0.679732507343406E-00017
                  40      0.679733825274622E-00017
                  41      0.675450449297305E-00017
                  42      0.669224621300011E-00017
                  43      0.661494762714755E-00017
                  44      0.652978327829933E-00017
                  45      0.644344710673229E-00017
                  46      0.636097467462875E-00017
                  47      0.628572518518062E-00017
                  48      0.622015630986426E-00017
                  49      0.616603655051917E-00017
                  50      0.608665837149756E-00017
