                   1      0.608564792186696E-00017
                   2      0.612508536255815E-00017
                   3      0.615535574368251E-00017
                   4      0.618906668555068E-00017
                   5      0.622361785281568E-00017
                   6      0.625626810215109E-00017
                   7      0.628439734317161E-00017
                   8      0.630572146329280E-00017
                   9      0.631851802161732E-00017
                  10      0.632231933762858E-00017
                  11      0.632237349396417E-00017
                  12      0.632237349454829E-00017
                  13      0.632236210355062E-00017
                  14      0.631982315673360E-00017
                  15      0.630879566511430E-00017
                  16      0.628905947238721E-00017
                  17      0.626214140577370E-00017
                  18      0.623021372582203E-00017
                  19      0.619584485173682E-00017
                  20      0.616170398141336E-00017
                  21      0.613030587314422E-00017
                  22      0.610068030487898E-00017
                  23      0.612535908349293E-00017
                  24      0.616362202553745E-00017
                  25      0.618784227607113E-00017
                  26      0.618892249737357E-00017
                  27      0.620025489324755E-00017
                  28      0.621667314768133E-00017
                  29      0.623850743003536E-00017
                  30      0.626372445738455E-00017
                  31      0.629051199159561E-00017
                  32      0.631735522486532E-00017
                  33      0.634300466606558E-00017
                  34      0.636649133027397E-00017
                  35      0.638712669434347E-00017
                  36      0.640446800710740E-00017
                  37      0.641826221106258E-00017
                  38      0.642839652512185E-00017
                  39      0.643487661728268E-00017
                  40      0.643783412127329E-00017
                  41      0.643755200351154E-00017
                  42      0.643465941246069E-00017
                  43      0.642212805615691E-00017
                  44      0.641934601033889E-00017
                  45      0.637616948247363E-00017
                  46      0.630760588637112E-00017
                  47      0.623966822669358E-00017
                  48      0.618145711924888E-00017
                  49      0.613598523665275E-00017
                  50      0.608665837049128E-00017
