                   1      0.608564792104296E-00017
                   2      0.612259016053929E-00017
                   3      0.615244812752668E-00017
                   4      0.618614931148663E-00017
                   5      0.622083606121449E-00017
                   6      0.625387734426545E-00017
                   7      0.628266079954892E-00017
                   8      0.630489492776563E-00017
                   9      0.631884219116027E-00017
                  10      0.632396748845536E-00017
                  11      0.632431341954539E-00017
                  12      0.632431475302457E-00017
                  13      0.632422819439110E-00017
                  14      0.632113021126494E-00017
                  15      0.630983283732512E-00017
                  16      0.628999967404054E-00017
                  17      0.626307456988154E-00017
                  18      0.623118188390541E-00017
                  19      0.619682991558846E-00017
                  20      0.616281106404909E-00017
                  21      0.613222183382461E-00017
                  22      0.610316201178427E-00017
                  23      0.611871201290441E-00017
                  24      0.614578114169232E-00017
                  25      0.615210737552675E-00017
                  26      0.615963661669221E-00017
                  27      0.617906864551950E-00017
                  28      0.620598847225459E-00017
                  29      0.623813384959975E-00017
                  30      0.627342482696416E-00017
                  31      0.631004993581597E-00017
                  32      0.634637044928523E-00017
                  33      0.638095752461322E-00017
                  34      0.641265509896608E-00017
                  35      0.644060843745387E-00017
                  36      0.646424701527868E-00017
                  37      0.648323437082677E-00017
                  38      0.649741089930340E-00017
                  39      0.650675424871139E-00017
                  40      0.651136827371658E-00017
                  41      0.651150559287973E-00017
                  42      0.649983710771291E-00017
                  43      0.649591328076763E-00017
                  44      0.644696996093635E-00017
                  45      0.637522057137744E-00017
                  46      0.630069235317428E-00017
                  47      0.623259448395923E-00017
                  48      0.617534771851641E-00017
                  49      0.613114809860453E-00017
                  50      0.608527840936182E-00017
