                   1      0.608665837060943E-00017
                   2      0.609936219021961E-00017
                   3      0.613127962322943E-00017
                   4      0.617551721587771E-00017
                   5      0.622430915803298E-00017
                   6      0.626964862113369E-00017
                   7      0.630420191765994E-00017
                   8      0.632233663947767E-00017
                   9      0.632211549500705E-00017
                  10      0.630351644255318E-00017
                  11      0.626857490790294E-00017
                  12      0.622295262338966E-00017
                  13      0.617401694513491E-00017
                  14      0.612980758108913E-00017
                  15      0.609810014017983E-00017
                  16      0.608578186614324E-00017
                  17      0.610034268057822E-00017
                  18      0.614244247801391E-00017
                  19      0.620771639654753E-00017
                  20      0.622467339132194E-00017
                  21      0.624581677760347E-00017
                  22      0.627383003643405E-00017
                  23      0.630483748012800E-00017
                  24      0.633515305113877E-00017
                  25      0.636165091547658E-00017
                  26      0.638199775432095E-00017
                  27      0.639487117987713E-00017
                  28      0.640006869532224E-00017
                  29      0.639846345237604E-00017
                  30      0.638523412520921E-00017
                  31      0.630048454183808E-00017
                  32      0.621258375991116E-00017
                  33      0.614320026485324E-00017
                  34      0.610047308345403E-00017
                  35      0.608546553255136E-00017
                  36      0.609744208607206E-00017
                  37      0.612892146084746E-00017
                  38      0.617300301882311E-00017
                  39      0.622191170269538E-00017
                  40      0.626759775664045E-00017
                  41      0.630267229568334E-00017
                  42      0.632146357794701E-00017
                  43      0.632191740029725E-00017
                  44      0.630417691006074E-00017
                  45      0.627017992607895E-00017
                  46      0.622534093625093E-00017
                  47      0.617669715780620E-00017
                  48      0.613211279765288E-00017
                  49      0.609960078709941E-00017
                  50      0.608665837048330E-00017
