                   1      0.608665836939167E-00017
                   2      0.608813030188467E-00017
                   3      0.609178885154857E-00017
                   4      0.609745809250856E-00017
                   5      0.610497587086864E-00017
                   6      0.611416258458595E-00017
                   7      0.612482746774274E-00017
                   8      0.613676974547093E-00017
                   9      0.614977882499493E-00017
                  10      0.616363520609181E-00017
                  11      0.617811243756252E-00017
                  12      0.619297967426468E-00017
                  13      0.620800424654621E-00017
                  14      0.622295408487665E-00017
                  15      0.623760020557003E-00017
                  16      0.625171931943345E-00017
                  17      0.626509645250484E-00017
                  18      0.627752758616616E-00017
                  19      0.628882242433202E-00017
                  20      0.629880728497167E-00017
                  21      0.630732796338298E-00017
                  22      0.631425235939873E-00017
                  23      0.631947266566079E-00017
                  24      0.632290675684692E-00017
                  25      0.632449690311818E-00017
                  26      0.632450361275847E-00017
                  27      0.632294068385102E-00017
                  28      0.631953644355831E-00017
                  29      0.631434735273584E-00017
                  30      0.630745529164888E-00017
                  31      0.629896725827866E-00017
                  32      0.628901420350927E-00017
                  33      0.627774950643519E-00017
                  34      0.626534668376385E-00017
                  35      0.625199634906240E-00017
                  36      0.623790297103540E-00017
                  37      0.622328180349457E-00017
                  38      0.620835604009480E-00017
                  39      0.619335424293571E-00017
                  40      0.617850802692842E-00017
                  41      0.616404975814098E-00017
                  42      0.615021009514245E-00017
                  43      0.613721546855112E-00017
                  44      0.612528569454993E-00017
                  45      0.611463204124194E-00017
                  46      0.610545615610098E-00017
                  47      0.609794958465882E-00017
                  48      0.609229214758871E-00017
                  49      0.608864522097399E-00017
                  50      0.608719143771574E-00017
