                   1      0.608719143629359E-00017
                   2      0.612227798542470E-00017
                   3      0.615132923951747E-00017
                   4      0.618430391132427E-00017
                   5      0.621846024123729E-00017
                   6      0.625124988728689E-00017
                   7      0.628014937332601E-00017
                   8      0.630292286502815E-00017
                   9      0.631782254017403E-00017
                  10      0.632398983951877E-00017
                  11      0.632442506046879E-00017
                  12      0.632442505584163E-00017
                  13      0.632441381874937E-00017
                  14      0.632201551999598E-00017
                  15      0.631164600602557E-00017
                  16      0.629285645448957E-00017
                  17      0.626694657949838E-00017
                  18      0.623588938476614E-00017
                  19      0.620208186842980E-00017
                  20      0.616816885746441E-00017
                  21      0.613669272156259E-00017
                  22      0.610650960328094E-00017
                  23      0.610358925829005E-00017
                  24      0.614345839459244E-00017
                  25      0.618562591828013E-00017
                  26      0.622131764799095E-00017
                  27      0.623720049627025E-00017
                  28      0.624641001086969E-00017
                  29      0.625970521580770E-00017
                  30      0.627461430066362E-00017
                  31      0.629104436674992E-00017
                  32      0.630781213207243E-00017
                  33      0.632388533348770E-00017
                  34      0.633845713273707E-00017
                  35      0.635094941247671E-00017
                  36      0.636099021782472E-00017
                  37      0.636837338924133E-00017
                  38      0.637302357622434E-00017
                  39      0.637498509064440E-00017
                  40      0.637443825784654E-00017
                  41      0.637171141334786E-00017
                  42      0.636730387323415E-00017
                  43      0.636168599007623E-00017
                  44      0.635938144689780E-00017
                  45      0.632622936620527E-00017
                  46      0.627781631354684E-00017
                  47      0.622225934041461E-00017
                  48      0.617020538708684E-00017
                  49      0.612833863514262E-00017
                  50      0.608527840906982E-00017
