                   1      0.608719143732646E-00017
                   2      0.608865130189673E-00017
                   3      0.609230294854118E-00017
                   4      0.609796238774745E-00017
                   5      0.610546802642035E-00017
                   6      0.611464096562963E-00017
                   7      0.612529108617685E-00017
                   8      0.613721762480395E-00017
                   9      0.615020955244395E-00017
                  10      0.616404699440759E-00017
                  11      0.617850341523828E-00017
                  12      0.619334808833381E-00017
                  13      0.620834850119859E-00017
                  14      0.622327264610622E-00017
                  15      0.623789151383201E-00017
                  16      0.625198199065097E-00017
                  17      0.626532974719325E-00017
                  18      0.627773161461355E-00017
                  19      0.628899778056051E-00017
                  20      0.629895452735962E-00017
                  21      0.630744740639366E-00017
                  22      0.631434411276031E-00017
                  23      0.631953666985275E-00017
                  24      0.632294268324118E-00017
                  25      0.632450361269747E-00017
                  26      0.632449144891074E-00017
                  27      0.632290131130137E-00017
                  28      0.631947060005273E-00017
                  29      0.631425490556307E-00017
                  30      0.630733557970912E-00017
                  31      0.629881943244451E-00017
                  32      0.628883788288555E-00017
                  33      0.627754504607832E-00017
                  34      0.626511488597233E-00017
                  35      0.625173804357926E-00017
                  36      0.623761879817748E-00017
                  37      0.622297223069847E-00017
                  38      0.620802153039178E-00017
                  39      0.619299543803198E-00017
                  40      0.617812581154162E-00017
                  41      0.616364523023800E-00017
                  42      0.614978456069318E-00017
                  43      0.613677049207629E-00017
                  44      0.612482315458795E-00017
                  45      0.611415411078628E-00017
                  46      0.610496508560850E-00017
                  47      0.609744730389851E-00017
                  48      0.609178012548319E-00017
                  49      0.608812530393714E-00017
                  50      0.608665837073696E-00017
