                   1      0.608719143523123E-00017
                   2      0.608858719713877E-00017
                   3      0.609217529780427E-00017
                   4      0.609777810315884E-00017
                   5      0.610523183341861E-00017
                   6      0.611435752630395E-00017
                   7      0.612496556240144E-00017
                   8      0.613685559641897E-00017
                   9      0.614981684586987E-00017
                  10      0.616362960301809E-00017
                  11      0.617806746093185E-00017
                  12      0.619289976871144E-00017
                  13      0.620789408826691E-00017
                  14      0.622281856403727E-00017
                  15      0.623744423970878E-00017
                  16      0.625154755888402E-00017
                  17      0.626491316596800E-00017
                  18      0.627733672568132E-00017
                  19      0.628862763536589E-00017
                  20      0.629861186102366E-00017
                  21      0.630713480944433E-00017
                  22      0.631406385816096E-00017
                  23      0.631929044140132E-00017
                  24      0.632273160499135E-00017
                  25      0.632432930958241E-00017
                  26      0.632428673249457E-00017
                  27      0.632258510500763E-00017
                  28      0.631904257606684E-00017
                  29      0.631371595435252E-00017
                  30      0.630668802860876E-00017
                  31      0.629806735794358E-00017
                  32      0.628798664404201E-00017
                  33      0.627660053676622E-00017
                  34      0.626408309600820E-00017
                  35      0.625062507497803E-00017
                  36      0.623643109989459E-00017
                  37      0.622171678712691E-00017
                  38      0.620670591456771E-00017
                  39      0.619162775828404E-00017
                  40      0.617671457259010E-00017
                  41      0.616219913451307E-00017
                  42      0.614831235159699E-00017
                  43      0.613528095552094E-00017
                  44      0.612332522381632E-00017
                  45      0.611265676054647E-00017
                  46      0.610347679434275E-00017
                  47      0.609597561770307E-00017
                  48      0.609033236904048E-00017
                  49      0.608671070818275E-00017
                  50      0.608527840844325E-00017
