                   1      0.608665836966563E-00017
                   2      0.612260758209412E-00017
                   3      0.615200568412633E-00017
                   4      0.618522425790578E-00017
                   5      0.621967014905107E-00017
                   6      0.625262468039835E-00017
                   7      0.628147504620820E-00017
                   8      0.630391239375292E-00017
                   9      0.631815061854899E-00017
                  10      0.632344006563783E-00017
                  11      0.632369685100348E-00017
                  12      0.632369703432613E-00017
                  13      0.632365867315676E-00017
                  14      0.632050378095214E-00017
                  15      0.630886070505005E-00017
                  16      0.628869148674305E-00017
                  17      0.626151342215331E-00017
                  18      0.622947761377631E-00017
                  19      0.619511093248385E-00017
                  20      0.616108004447733E-00017
                  21      0.612996830677088E-00017
                  22      0.610064847561358E-00017
                  23      0.611526884508867E-00017
                  24      0.615561932328686E-00017
                  25      0.620179381362254E-00017
                  26      0.623462384236371E-00017
                  27      0.623529426018425E-00017
                  28      0.624709579246579E-00017
                  29      0.625886676506266E-00017
                  30      0.627369883624453E-00017
                  31      0.629028980290099E-00017
                  32      0.630735180913596E-00017
                  33      0.632381389623538E-00017
                  34      0.633882837636450E-00017
                  35      0.635177898002638E-00017
                  36      0.636226364482295E-00017
                  37      0.637005712656585E-00017
                  38      0.637507538790379E-00017
                  39      0.637736145897975E-00017
                  40      0.637709732604171E-00017
                  41      0.637461880397244E-00017
                  42      0.637043331226940E-00017
                  43      0.636522516960209E-00017
                  44      0.635916746245908E-00017
                  45      0.633193474621385E-00017
                  46      0.628372180492840E-00017
                  47      0.622617857894838E-00017
                  48      0.617257487906969E-00017
                  49      0.612982056561009E-00017
                  50      0.608564792017804E-00017
