                   1      0.608527840820559E-00017
                   2      0.609657744327848E-00017
                   3      0.612638459974563E-00017
                   4      0.616842967635963E-00017
                   5      0.621567897808965E-00017
                   6      0.626084650488386E-00017
                   7      0.629711874978987E-00017
                   8      0.631901585384811E-00017
                   9      0.632337503130778E-00017
                  10      0.630992921592019E-00017
                  11      0.628021538710809E-00017
                  12      0.623873570081058E-00017
                  13      0.619178993769404E-00017
                  14      0.614657301479596E-00017
                  15      0.611036824962344E-00017
                  16      0.608994482059853E-00017
                  17      0.609170833410402E-00017
                  18      0.611780677817669E-00017
                  19      0.616458762257473E-00017
                  20      0.621827096139262E-00017
                  21      0.625710177862359E-00017
                  22      0.628856270841239E-00017
                  23      0.631902090112286E-00017
                  24      0.634718529919238E-00017
                  25      0.637066891347997E-00017
                  26      0.638766783495403E-00017
                  27      0.639732834654783E-00017
                  28      0.639978848871601E-00017
                  29      0.639059479832322E-00017
                  30      0.632474264898339E-00017
                  31      0.624174608623076E-00017
                  32      0.616820176709368E-00017
                  33      0.611633501840303E-00017
                  34      0.608997561889892E-00017
                  35      0.608861527220012E-00017
                  36      0.610898880686627E-00017
                  37      0.614506876525781E-00017
                  38      0.619019423447166E-00017
                  39      0.623711130186423E-00017
                  40      0.627863409274291E-00017
                  41      0.630846853015204E-00017
                  42      0.632212389295991E-00017
                  43      0.631812541315623E-00017
                  44      0.629676978707903E-00017
                  45      0.626108912734221E-00017
                  46      0.621635030763123E-00017
                  47      0.616919030924569E-00017
                  48      0.612688786882475E-00017
                  49      0.609670033530832E-00017
                  50      0.608527840841024E-00017
