                   1      0.608564792192731E-00017
                   2      0.608713986038937E-00017
                   3      0.609081636603374E-00017
                   4      0.609650385381059E-00017
                   5      0.610404050838101E-00017
                   6      0.611324762105182E-00017
                   7      0.612393515923623E-00017
                   8      0.613590220460762E-00017
                   9      0.614893748680723E-00017
                  10      0.616282116454339E-00017
                  11      0.617732710202081E-00017
                  12      0.619222500820560E-00017
                  13      0.620728251775055E-00017
                  14      0.622226742359640E-00017
                  15      0.623695017853701E-00017
                  16      0.625110676360924E-00017
                  17      0.626452174865503E-00017
                  18      0.627699116524637E-00017
                  19      0.628832513387731E-00017
                  20      0.629835045466125E-00017
                  21      0.630691316795924E-00017
                  22      0.631388094372287E-00017
                  23      0.631914524691811E-00017
                  24      0.632262291455412E-00017
                  25      0.632425458484895E-00017
                  26      0.632429204117926E-00017
                  27      0.632277001056166E-00017
                  28      0.631940508894953E-00017
                  29      0.631425222021166E-00017
                  30      0.630739306575924E-00017
                  31      0.629893499474487E-00017
                  32      0.628900959475584E-00017
                  33      0.627777053393523E-00017
                  34      0.626539103244843E-00017
                  35      0.625206109140871E-00017
                  36      0.623798463669331E-00017
                  37      0.622337669970796E-00017
                  38      0.620846065739168E-00017
                  39      0.619346550534828E-00017
                  40      0.617862319653377E-00017
                  41      0.616416612465269E-00017
                  42      0.615032476881203E-00017
                  43      0.613732543411265E-00017
                  44      0.612538806112463E-00017
                  45      0.611472426808620E-00017
                  46      0.610553596712745E-00017
                  47      0.609801458139783E-00017
                  48      0.609233960858371E-00017
                  49      0.608867234513972E-00017
                  50      0.608719143513430E-00017
