                   1      0.608665836935022E-00017
                   2      0.612204997407750E-00017
                   3      0.615114194015215E-00017
                   4      0.618413289516893E-00017
                   5      0.621840083743143E-00017
                   6      0.625129153524097E-00017
                   7      0.628025726386017E-00017
                   8      0.630303685023071E-00017
                   9      0.631785847275367E-00017
                  10      0.632387287247082E-00017
                  11      0.632430480249348E-00017
                  12      0.632430623242026E-00017
                  13      0.632429857986068E-00017
                  14      0.632180860945447E-00017
                  15      0.631127312039626E-00017
                  16      0.629227132457281E-00017
                  17      0.626615096373420E-00017
                  18      0.623493306065156E-00017
                  19      0.620105868756333E-00017
                  20      0.616719942503273E-00017
                  21      0.613610341904085E-00017
                  22      0.610699165138833E-00017
                  23      0.610594664021108E-00017
                  24      0.613732282946372E-00017
                  25      0.615703421088861E-00017
                  26      0.616456338236278E-00017
                  27      0.618664307797210E-00017
                  28      0.621523123138364E-00017
                  29      0.624831357229929E-00017
                  30      0.628396432488867E-00017
                  31      0.632047122873001E-00017
                  32      0.635627789233759E-00017
                  33      0.639004604117606E-00017
                  34      0.642071110641051E-00017
                  35      0.644750085689418E-00017
                  36      0.646991215169025E-00017
                  37      0.648766042704724E-00017
                  38      0.650062690085231E-00017
                  39      0.650882494372759E-00017
                  40      0.651239261807843E-00017
                  41      0.651160205562477E-00017
                  42      0.649958830376575E-00017
                  43      0.649438546235495E-00017
                  44      0.644378924261456E-00017
                  45      0.637084305609280E-00017
                  46      0.629643425016253E-00017
                  47      0.622942684497530E-00017
                  48      0.617370606871248E-00017
                  49      0.613090474303409E-00017
                  50      0.608719143590384E-00017
