                   1      0.608719143609984E-00017
                   2      0.609878363161607E-00017
                   3      0.612883840894488E-00017
                   4      0.617096321178776E-00017
                   5      0.621808674035098E-00017
                   6      0.626294602518000E-00017
                   7      0.629877140281907E-00017
                   8      0.632014347770770E-00017
                   9      0.632412045340793E-00017
                  10      0.631058419396315E-00017
                  11      0.628079332142631E-00017
                  12      0.623918604616788E-00017
                  13      0.619203296318156E-00017
                  14      0.614650916492047E-00017
                  15      0.610991166162706E-00017
                  16      0.608908181065295E-00017
                  17      0.609069356795527E-00017
                  18      0.611697107738421E-00017
                  19      0.616441568845551E-00017
                  20      0.621891382752456E-00017
                  21      0.625427024188144E-00017
                  22      0.628432220728357E-00017
                  23      0.631452031749055E-00017
                  24      0.634287694017071E-00017
                  25      0.636684285965266E-00017
                  26      0.638453705676324E-00017
                  27      0.639501500294069E-00017
                  28      0.639824977265125E-00017
                  29      0.638810343028548E-00017
                  30      0.632201484862517E-00017
                  31      0.624059381911277E-00017
                  32      0.616793118411963E-00017
                  33      0.611631008377611E-00017
                  34      0.608991686796378E-00017
                  35      0.608878227245157E-00017
                  36      0.610978728627584E-00017
                  37      0.614643091199392E-00017
                  38      0.619196345023693E-00017
                  39      0.623913621898218E-00017
                  40      0.628078529931723E-00017
                  41      0.631063738958608E-00017
                  42      0.632427481881322E-00017
                  43      0.632051754600608E-00017
                  44      0.629952549596577E-00017
                  45      0.626410958607409E-00017
                  46      0.621945725893748E-00017
                  47      0.617218362729449E-00017
                  48      0.612959606152644E-00017
                  49      0.609901790033250E-00017
                  50      0.608719143629340E-00017
