                   1      0.608527840921566E-00017
                   2      0.608675812120819E-00017
                   3      0.609042355571849E-00017
                   4      0.609609944349439E-00017
                   5      0.610362431688570E-00017
                   6      0.611281943731781E-00017
                   7      0.612349436105703E-00017
                   8      0.613544796190390E-00017
                   9      0.614846914399695E-00017
                  10      0.616233820111071E-00017
                  11      0.617682862214901E-00017
                  12      0.619170927461892E-00017
                  13      0.620674714047290E-00017
                  14      0.622171031206688E-00017
                  15      0.623637061206529E-00017
                  16      0.625050572332943E-00017
                  17      0.626390130874977E-00017
                  18      0.627635351289062E-00017
                  19      0.628767186858807E-00017
                  20      0.629768242809807E-00017
                  21      0.630623078991620E-00017
                  22      0.631318464316721E-00017
                  23      0.631843570900440E-00017
                  24      0.632190099082766E-00017
                  25      0.632352158571794E-00017
                  26      0.632355122308043E-00017
                  27      0.632202291501556E-00017
                  28      0.631865276235352E-00017
                  29      0.631349595010821E-00017
                  30      0.630663431702046E-00017
                  31      0.629817541434873E-00017
                  32      0.628825106235998E-00017
                  33      0.627701518753628E-00017
                  34      0.626464122221318E-00017
                  35      0.625131923736341E-00017
                  36      0.623725300312472E-00017
                  37      0.622265714511194E-00017
                  38      0.620775447181978E-00017
                  39      0.619277342760940E-00017
                  40      0.617794557876855E-00017
                  41      0.616350312966222E-00017
                  42      0.614967653635835E-00017
                  43      0.613669220138203E-00017
                  44      0.612477018914426E-00017
                  45      0.611412211687495E-00017
                  46      0.610494964264723E-00017
                  47      0.609744367728168E-00017
                  48      0.609178316116838E-00017
                  49      0.608812928559281E-00017
                  50      0.608665836914789E-00017
