                   1      0.608564791985243E-00017
                   2      0.608708494020937E-00017
                   3      0.609070888369747E-00017
                   4      0.609633816635743E-00017
                   5      0.610381070670162E-00017
                   6      0.611294812172512E-00017
                   7      0.612356074347034E-00017
                   8      0.613544773706846E-00017
                   9      0.614839786160860E-00017
                  10      0.616219160794264E-00017
                  11      0.617660353439087E-00017
                  12      0.619140424792201E-00017
                  13      0.620636242947465E-00017
                  14      0.622124711989441E-00017
                  15      0.623583008128188E-00017
                  16      0.624988815072955E-00017
                  17      0.626320589335579E-00017
                  18      0.627557889197491E-00017
                  19      0.628681722326544E-00017
                  20      0.629674829281262E-00017
                  21      0.630521908110157E-00017
                  22      0.631209830414703E-00017
                  23      0.631727844777586E-00017
                  24      0.632067725838907E-00017
                  25      0.632223640098854E-00017
                  26      0.632222353954028E-00017
                  27      0.632063873601686E-00017
                  28      0.631721727182484E-00017
                  29      0.631201492947156E-00017
                  30      0.630511379815967E-00017
                  31      0.629662177205196E-00017
                  32      0.628667071224019E-00017
                  33      0.627541403680762E-00017
                  34      0.626302423727218E-00017
                  35      0.624969044833635E-00017
                  36      0.623561591616809E-00017
                  37      0.622101526171987E-00017
                  38      0.620611160867682E-00017
                  39      0.619113370202399E-00017
                  40      0.617631314954408E-00017
                  41      0.616188191319076E-00017
                  42      0.614807005368892E-00017
                  43      0.613510357326495E-00017
                  44      0.612320224297214E-00017
                  45      0.611257755933534E-00017
                  46      0.610343120604061E-00017
                  47      0.609595418375017E-00017
                  48      0.609032553676952E-00017
                  49      0.608670663755733E-00017
                  50      0.608527840838652E-00017
