                   1      0.608719143497515E-00017
                   2      0.608867555330030E-00017
                   3      0.609234612387153E-00017
                   4      0.609802285883857E-00017
                   5      0.610554385779454E-00017
                   6      0.611472920385442E-00017
                   7      0.612538809733341E-00017
                   8      0.613732005957174E-00017
                   9      0.615031470085145E-00017
                  10      0.616415243091569E-00017
                  11      0.617860665072864E-00017
                  12      0.619344659382743E-00017
                  13      0.620843988845800E-00017
                  14      0.622335465370918E-00017
                  15      0.623796163077260E-00017
                  16      0.625203694156275E-00017
                  17      0.626536545793630E-00017
                  18      0.627774400276960E-00017
                  19      0.628898374421241E-00017
                  20      0.629891216832889E-00017
                  21      0.630737543928098E-00017
                  22      0.631424115348333E-00017
                  23      0.631940086552050E-00017
                  24      0.632277184230281E-00017
                  25      0.632429602068761E-00017
                  26      0.632425542951807E-00017
                  27      0.632262389318654E-00017
                  28      0.631914973734092E-00017
                  29      0.631388935403354E-00017
                  30      0.630692495030064E-00017
                  31      0.629836454607475E-00017
                  32      0.628834047734854E-00017
                  33      0.627700715804962E-00017
                  34      0.626453838137409E-00017
                  35      0.625112444268252E-00017
                  36      0.623696932539632E-00017
                  37      0.622228799899730E-00017
                  38      0.620730375373136E-00017
                  39      0.619224553150543E-00017
                  40      0.617734530383488E-00017
                  41      0.616283558217323E-00017
                  42      0.614894707261151E-00017
                  43      0.613590636362956E-00017
                  44      0.612393359525340E-00017
                  45      0.611324043037573E-00017
                  46      0.610402883542677E-00017
                  47      0.609649041540398E-00017
                  48      0.609080467928523E-00017
                  49      0.608713283178904E-00017
                  50      0.608564792009560E-00017
