                   1      0.608564792081540E-00017
                   2      0.609732613927085E-00017
                   3      0.612743059155168E-00017
                   4      0.616953844436486E-00017
                   5      0.621657545862179E-00017
                   6      0.626129179297344E-00017
                   7      0.629693903902727E-00017
                   8      0.631813518354997E-00017
                   9      0.632212596608419E-00017
                  10      0.630891080146602E-00017
                  11      0.627949561488767E-00017
                  12      0.623826338378565E-00017
                  13      0.619146343708319E-00017
                  14      0.614622618273236E-00017
                  15      0.610976618448796E-00017
                  16      0.608887931263471E-00017
                  17      0.609075153411665E-00017
                  18      0.611745710573153E-00017
                  19      0.616486319511920E-00017
                  20      0.621882410334590E-00017
                  21      0.625481225960947E-00017
                  22      0.628514977852375E-00017
                  23      0.631553651938832E-00017
                  24      0.634405025354604E-00017
                  25      0.636814976131239E-00017
                  26      0.638596345049898E-00017
                  27      0.639655944889752E-00017
                  28      0.639997260496932E-00017
                  29      0.639160391998153E-00017
                  30      0.632529798109382E-00017
                  31      0.624284409657929E-00017
                  32      0.616973775331640E-00017
                  33      0.611790989450514E-00017
                  34      0.609125158514040E-00017
                  35      0.609006850545365E-00017
                  36      0.611124107531750E-00017
                  37      0.614794779460195E-00017
                  38      0.619341185548256E-00017
                  39      0.624035451087948E-00017
                  40      0.628162966161255E-00017
                  41      0.631100781094045E-00017
                  42      0.632415722360346E-00017
                  43      0.632018910731696E-00017
                  44      0.629910446688372E-00017
                  45      0.626359237188048E-00017
                  46      0.621882241655740E-00017
                  47      0.617139531034909E-00017
                  48      0.612860435626986E-00017
                  49      0.609777046282783E-00017
                  50      0.608564792108377E-00017
