                   1      0.608719143594644E-00017
                   2      0.612507151103137E-00017
                   3      0.615511137574935E-00017
                   4      0.618878230561847E-00017
                   5      0.622337548580490E-00017
                   6      0.625619481971645E-00017
                   7      0.628463265110824E-00017
                   8      0.630640693446617E-00017
                   9      0.631979383768812E-00017
                  10      0.632430986332057E-00017
                  11      0.632449011563867E-00017
                  12      0.632449032383467E-00017
                  13      0.632444338186732E-00017
                  14      0.632146907733154E-00017
                  15      0.631014958989583E-00017
                  16      0.629022554333552E-00017
                  17      0.626316472435859E-00017
                  18      0.623110525416316E-00017
                  19      0.619656918173684E-00017
                  20      0.616222813754677E-00017
                  21      0.613080148373140E-00017
                  22      0.610110130728452E-00017
                  23      0.611940917213788E-00017
                  24      0.614535054321342E-00017
                  25      0.615123789268651E-00017
                  26      0.615876317958291E-00017
                  27      0.617855801509455E-00017
                  28      0.620592635435670E-00017
                  29      0.623842411494138E-00017
                  30      0.627394735286852E-00017
                  31      0.631070351779647E-00017
                  32      0.634706105751069E-00017
                  33      0.638159872141856E-00017
                  34      0.641317257026146E-00017
                  35      0.644094441995986E-00017
                  36      0.646436362488239E-00017
                  37      0.648311486292786E-00017
                  38      0.649705848670029E-00017
                  39      0.650618884004767E-00017
                  40      0.651062194444745E-00017
                  41      0.651060952072241E-00017
                  42      0.649975037242160E-00017
                  43      0.649874540174667E-00017
                  44      0.645327696395034E-00017
                  45      0.637972194181705E-00017
                  46      0.630405778704200E-00017
                  47      0.623522539528327E-00017
                  48      0.617745785295047E-00017
                  49      0.613271564604865E-00017
                  50      0.608564792102031E-00017
