                   1      0.202641867443862E-00016
                   2      0.202615469815395E-00016
                   3      0.202667287277961E-00016
                   4      0.202739186786714E-00016
                   5      0.202812292636155E-00016
                   6      0.202864710804379E-00016
                   7      0.202874302066732E-00016
                   8      0.202820218771060E-00016
                   9      0.202684568070619E-00016
                  10      0.202452942680078E-00016
                  11      0.202116329117584E-00016
                  12      0.201672291117432E-00016
                  13      0.201124115216515E-00016
                  14      0.200484594151364E-00016
                  15      0.199776486949086E-00016
                  16      0.199029571128408E-00016
                  17      0.198281522182773E-00016
                  18      0.197573573859479E-00016
                  19      0.196945633505470E-00016
                  20      0.196433074999974E-00016
                  21      0.196065250037171E-00016
                  22      0.195860776322374E-00016
                  23      0.195831634130268E-00016
                  24      0.195980489215220E-00016
                  25      0.196300426437953E-00016
                  26      0.196686571068632E-00016
                  27      0.197311759407051E-00016
                  28      0.198201809038938E-00016
                  29      0.199227405094462E-00016
                  30      0.200274096677437E-00016
                  31      0.201246152967173E-00016
                  32      0.202069581369495E-00016
                  33      0.202694292867288E-00016
                  34      0.203095425692407E-00016
                  35      0.203273858642939E-00016
                  36      0.203255945343731E-00016
                  37      0.203092488022361E-00016
                  38      0.202856954608918E-00016
                  39      0.202643053405595E-00016
                  40      0.202565077587832E-00016
                  41      0.202618096910702E-00016
                  42      0.202677665933883E-00016
                  43      0.202732269934161E-00016
                  44      0.202770643462299E-00016
                  45      0.202784205525020E-00016
                  46      0.202769228292933E-00016
                  47      0.202729234057753E-00016
                  48      0.202676740800838E-00016
                  49      0.202632758663081E-00016
                  50      0.202616445031688E-00016
