                   1      0.195801422275731E-00016
                   2      0.195835118073239E-00016
                   3      0.195931066849469E-00016
                   4      0.196087788867798E-00016
                   5      0.196302724684823E-00016
                   6      0.196571375980918E-00016
                   7      0.196885321925309E-00016
                   8      0.197228963129972E-00016
                   9      0.197585663438648E-00016
                  10      0.197952457250198E-00016
                  11      0.198326631791283E-00016
                  12      0.198703331159597E-00016
                  13      0.199105365460803E-00016
                  14      0.199540796371685E-00016
                  15      0.199981317085647E-00016
                  16      0.200403643527480E-00016
                  17      0.200798955035727E-00016
                  18      0.201163029892917E-00016
                  19      0.201491874591187E-00016
                  20      0.201782341954304E-00016
                  21      0.202032935160969E-00016
                  22      0.202242114610359E-00016
                  23      0.202407921705119E-00016
                  24      0.202528740249054E-00016
                  25      0.202603697289863E-00016
                  26      0.202631874554430E-00016
                  27      0.202613814662878E-00016
                  28      0.202548817134530E-00016
                  29      0.202437094837720E-00016
                  30      0.202279418356245E-00016
                  31      0.202077153059082E-00016
                  32      0.201831849333842E-00016
                  33      0.201544927596928E-00016
                  34      0.201218285796902E-00016
                  35      0.200854518519445E-00016
                  36      0.200456796130783E-00016
                  37      0.200029679356252E-00016
                  38      0.199580028568275E-00016
                  39      0.199116770576336E-00016
                  40      0.198650118042674E-00016
                  41      0.198190980526555E-00016
                  42      0.197750231689034E-00016
                  43      0.197338006718968E-00016
                  44      0.196963381740038E-00016
                  45      0.196634168520368E-00016
                  46      0.196356748195060E-00016
                  47      0.196136111975070E-00016
                  48      0.195976481220903E-00016
                  49      0.195884005898923E-00016
                  50      0.195900391460372E-00016
