                   1      0.195801419233740E-00016
                   2      0.195838855797084E-00016
                   3      0.195952797599333E-00016
                   4      0.196140770794182E-00016
                   5      0.196398688667029E-00016
                   6      0.196720526073883E-00016
                   7      0.197098592001302E-00016
                   8      0.197523591410278E-00016
                   9      0.197984377486509E-00016
                  10      0.198466468919565E-00016
                  11      0.198945157384367E-00016
                  12      0.199375024345850E-00016
                  13      0.199736380964370E-00016
                  14      0.200072370824501E-00016
                  15      0.200415268357297E-00016
                  16      0.200759665738055E-00016
                  17      0.201078998400357E-00016
                  18      0.201370215977981E-00016
                  19      0.201639262948420E-00016
                  20      0.201868829888752E-00016
                  21      0.202031426782694E-00016
                  22      0.202092144933449E-00016
                  23      0.202154927337505E-00016
                  24      0.202222251757624E-00016
                  25      0.202307126102944E-00016
                  26      0.202422693121380E-00016
                  27      0.202530153878642E-00016
                  28      0.202588297833116E-00016
                  29      0.202588800123259E-00016
                  30      0.202531987651286E-00016
                  31      0.202417164002737E-00016
                  32      0.202245316033445E-00016
                  33      0.202018045211781E-00016
                  34      0.201737598092017E-00016
                  35      0.201406821239919E-00016
                  36      0.201028793786879E-00016
                  37      0.200607402470338E-00016
                  38      0.200147580112448E-00016
                  39      0.199656497973485E-00016
                  40      0.199145728056731E-00016
                  41      0.198629481706360E-00016
                  42      0.198122592877251E-00016
                  43      0.197639748771719E-00016
                  44      0.197194787717972E-00016
                  45      0.196799765338929E-00016
                  46      0.196464355124754E-00016
                  47      0.196196290554216E-00016
                  48      0.196002013892756E-00016
                  49      0.195889974910276E-00016
                  50      0.195906891222934E-00016
