                   1      0.142913894138650E-00016
                   2      0.142937730322472E-00016
                   3      0.143008147535036E-00016
                   4      0.143123152284264E-00016
                   5      0.143279282700983E-00016
                   6      0.143471699578192E-00016
                   7      0.143693996897923E-00016
                   8      0.143939184689370E-00016
                   9      0.144200641155208E-00016
                  10      0.144470096800207E-00016
                  11      0.144742723686030E-00016
                  12      0.145013086611169E-00016
                  13      0.145277084078478E-00016
                  14      0.145530911802698E-00016
                  15      0.145771653314712E-00016
                  16      0.145996929968700E-00016
                  17      0.146204689462605E-00016
                  18      0.146393255399941E-00016
                  19      0.146561258538021E-00016
                  20      0.146707723286503E-00016
                  21      0.146831431411075E-00016
                  22      0.146931247624565E-00016
                  23      0.147006771281756E-00016
                  24      0.147057425886272E-00016
                  25      0.147082884258771E-00016
                  26      0.147082937688728E-00016
                  27      0.147057645490266E-00016
                  28      0.147007175287058E-00016
                  29      0.146931936515542E-00016
                  30      0.146832509952422E-00016
                  31      0.146709653850972E-00016
                  32      0.146564276438807E-00016
                  33      0.146397271458237E-00016
                  34      0.146209767220841E-00016
                  35      0.146003698720858E-00016
                  36      0.145780980788618E-00016
                  37      0.145542087866821E-00016
                  38      0.145289645138812E-00016
                  39      0.145027601552926E-00016
                  40      0.144757984375974E-00016
                  41      0.144485717612356E-00016
                  42      0.144216089907444E-00016
                  43      0.143954642767558E-00016
                  44      0.143709290681294E-00016
                  45      0.143488489800145E-00016
                  46      0.143297725535646E-00016
                  47      0.143143505473416E-00016
                  48      0.143030846611189E-00016
                  49      0.142964558908993E-00016
                  50      0.142967914664097E-00016
