                   1      0.159269034361635E-00016
                   2      0.159258786894216E-00016
                   3      0.159225570186363E-00016
                   4      0.159166693862948E-00016
                   5      0.159082356699935E-00016
                   6      0.158972765853579E-00016
                   7      0.158838139687938E-00016
                   8      0.158678821997379E-00016
                   9      0.158495271444718E-00016
                  10      0.158288092693483E-00016
                  11      0.158058165834389E-00016
                  12      0.157806848637042E-00016
                  13      0.157536569488726E-00016
                  14      0.157250826343919E-00016
                  15      0.156953512394476E-00016
                  16      0.156648660547681E-00016
                  17      0.156339869472240E-00016
                  18      0.156029887567810E-00016
                  19      0.155720192042181E-00016
                  20      0.155410848356162E-00016
                  21      0.155100795804755E-00016
                  22      0.154788036015891E-00016
                  23      0.154467897784451E-00016
                  24      0.154131178983785E-00016
                  25      0.153765970144975E-00016
                  26      0.153361829790894E-00016
                  27      0.152912609445714E-00016
                  28      0.152417087819220E-00016
                  29      0.151878395898356E-00016
                  30      0.151302997906999E-00016
                  31      0.150699530897536E-00016
                  32      0.150077671921908E-00016
                  33      0.149447196934858E-00016
                  34      0.148817336611660E-00016
                  35      0.148196411263786E-00016
                  36      0.147591653283454E-00016
                  37      0.147009156307677E-00016
                  38      0.146453949659217E-00016
                  39      0.145930275519629E-00016
                  40      0.145441858888528E-00016
                  41      0.144991875155553E-00016
                  42      0.144582684247432E-00016
                  43      0.144215737525479E-00016
                  44      0.143891741681234E-00016
                  45      0.143611124819163E-00016
                  46      0.143374725711948E-00016
                  47      0.143184194551349E-00016
                  48      0.143041917358035E-00016
                  49      0.142950918685979E-00016
                  50      0.142913894120498E-00016
