                   1      0.159268423850875E-00016
                   2      0.159257725136662E-00016
                   3      0.159196759082092E-00016
                   4      0.159080329431596E-00016
                   5      0.158910860748570E-00016
                   6      0.158690808718996E-00016
                   7      0.158423102732154E-00016
                   8      0.158111164289335E-00016
                   9      0.157759356460952E-00016
                  10      0.157371122863724E-00016
                  11      0.156946488508682E-00016
                  12      0.156480993334750E-00016
                  13      0.155966214355351E-00016
                  14      0.155392199809980E-00016
                  15      0.154751293006861E-00016
                  16      0.154041477290221E-00016
                  17      0.153276819806938E-00016
                  18      0.152477854049482E-00016
                  19      0.151659959393300E-00016
                  20      0.150851847513332E-00016
                  21      0.150093757788533E-00016
                  22      0.149414790848565E-00016
                  23      0.148840516562666E-00016
                  24      0.148450035809643E-00016
                  25      0.148297092202832E-00016
                  26      0.148327280404064E-00016
                  27      0.148576791610018E-00016
                  28      0.149088318813788E-00016
                  29      0.149866361525206E-00016
                  30      0.150844626616560E-00016
                  31      0.151996557796127E-00016
                  32      0.153287168305174E-00016
                  33      0.154643701145225E-00016
                  34      0.155995446460368E-00016
                  35      0.157279072752778E-00016
                  36      0.158433128636321E-00016
                  37      0.159415064509286E-00016
                  38      0.160197910778801E-00016
                  39      0.160771189471581E-00016
                  40      0.161138195833173E-00016
                  41      0.161314308122730E-00016
                  42      0.161326183117263E-00016
                  43      0.161194912094799E-00016
                  44      0.160948810449581E-00016
                  45      0.160625273440861E-00016
                  46      0.160262494054627E-00016
                  47      0.159900794370631E-00016
                  48      0.159583075517900E-00016
                  49      0.159353171013827E-00016
                  50      0.159253447795175E-00016
