                   1      0.142913907316060E-00016
                   2      0.142938526618482E-00016
                   3      0.143009418419807E-00016
                   4      0.143123298784780E-00016
                   5      0.143277472435602E-00016
                   6      0.143469121127457E-00016
                   7      0.143690847947412E-00016
                   8      0.143935728497064E-00016
                   9      0.144196541154788E-00016
                  10      0.144466295603466E-00016
                  11      0.144738942650644E-00016
                  12      0.145009391460772E-00016
                  13      0.145273283191246E-00016
                  14      0.145527043126384E-00016
                  15      0.145767791125436E-00016
                  16      0.145993131293894E-00016
                  17      0.146201065107129E-00016
                  18      0.146389935716568E-00016
                  19      0.146558336795022E-00016
                  20      0.146705049643960E-00016
                  21      0.146829035817428E-00016
                  22      0.146929424520180E-00016
                  23      0.147005503864806E-00016
                  24      0.147056714758972E-00016
                  25      0.147082936391948E-00016
                  26      0.147083322443788E-00016
                  27      0.147058834185339E-00016
                  28      0.147009241402048E-00016
                  29      0.146934903761676E-00016
                  30      0.146836366125074E-00016
                  31      0.146714366376688E-00016
                  32      0.146569837119084E-00016
                  33      0.146403822344040E-00016
                  34      0.146217510294116E-00016
                  35      0.146012276478065E-00016
                  36      0.145789673620125E-00016
                  37      0.145551469354627E-00016
                  38      0.145299839401710E-00016
                  39      0.145037499992909E-00016
                  40      0.144767904951668E-00016
                  41      0.144495159161182E-00016
                  42      0.144224497892431E-00016
                  43      0.143962792800715E-00016
                  44      0.143717377390992E-00016
                  45      0.143495522337251E-00016
                  46      0.143304254274207E-00016
                  47      0.143150497252003E-00016
                  48      0.143036742833046E-00016
                  49      0.142965988643664E-00016
                  50      0.142941666417107E-00016
