                   1      0.178129170899081E-00016
                   2      0.178127861325337E-00016
                   3      0.178232680088782E-00016
                   4      0.178394255017379E-00016
                   5      0.178597670953511E-00016
                   6      0.178826467556063E-00016
                   7      0.179061475744124E-00016
                   8      0.179284519412282E-00016
                   9      0.179479104157956E-00016
                  10      0.179630083398486E-00016
                  11      0.179725587025512E-00016
                  12      0.179756663800431E-00016
                  13      0.179718137515824E-00016
                  14      0.179608871764258E-00016
                  15      0.179432242310858E-00016
                  16      0.179196660785743E-00016
                  17      0.178916015470601E-00016
                  18      0.178608237310502E-00016
                  19      0.178294718820808E-00016
                  20      0.178126108664881E-00016
                  21      0.178417992331234E-00016
                  22      0.178822090911031E-00016
                  23      0.179269541545372E-00016
                  24      0.179702464069760E-00016
                  25      0.180075911502282E-00016
                  26      0.180359207911242E-00016
                  27      0.180536662245429E-00016
                  28      0.180607666948564E-00016
                  29      0.180586224784305E-00016
                  30      0.180499973802751E-00016
                  31      0.180388827860407E-00016
                  32      0.180303374191623E-00016
                  33      0.180263579123510E-00016
                  34      0.180207287705461E-00016
                  35      0.180130346225374E-00016
                  36      0.180036893302416E-00016
                  37      0.179930170751082E-00016
                  38      0.179813188353981E-00016
                  39      0.179688646295369E-00016
                  40      0.179558165215525E-00016
                  41      0.179417581683417E-00016
                  42      0.179268959960705E-00016
                  43      0.179106347853896E-00016
                  44      0.178931061908555E-00016
                  45      0.178747010968110E-00016
                  46      0.178562366305641E-00016
                  47      0.178387063993808E-00016
                  48      0.178242322479256E-00016
                  49      0.178147440177042E-00016
                  50      0.178116665946051E-00016
