                   1      0.178075984896832E-00016
                   2      0.178088494711894E-00016
                   3      0.178121596580885E-00016
                   4      0.178172649418379E-00016
                   5      0.178239732806711E-00016
                   6      0.178319931113864E-00016
                   7      0.178409935906497E-00016
                   8      0.178506565296435E-00016
                   9      0.178607020956433E-00016
                  10      0.178708993591821E-00016
                  11      0.178810538965355E-00016
                  12      0.178910213825367E-00016
                  13      0.179006730070427E-00016
                  14      0.179011363150280E-00016
                  15      0.179030807397466E-00016
                  16      0.179062424234857E-00016
                  17      0.179102055775972E-00016
                  18      0.179146574048927E-00016
                  19      0.179193925787838E-00016
                  20      0.179243163564589E-00016
                  21      0.179295307845182E-00016
                  22      0.179390839561983E-00016
                  23      0.179483637086309E-00016
                  24      0.179562701837538E-00016
                  25      0.179626120667015E-00016
                  26      0.179672163232594E-00016
                  27      0.179699485168904E-00016
                  28      0.179707054781307E-00016
                  29      0.179694196471180E-00016
                  30      0.179660506234155E-00016
                  31      0.179605996390078E-00016
                  32      0.179531186248855E-00016
                  33      0.179436888542233E-00016
                  34      0.179324462212593E-00016
                  35      0.179195738019569E-00016
                  36      0.179052728885322E-00016
                  37      0.178898170257083E-00016
                  38      0.178735145869467E-00016
                  39      0.178566859693099E-00016
                  40      0.178396950633129E-00016
                  41      0.178228783714133E-00016
                  42      0.178066086228135E-00016
                  43      0.177912812007175E-00016
                  44      0.177771996009079E-00016
                  45      0.177646254347440E-00016
                  46      0.177539140824471E-00016
                  47      0.177452994944276E-00016
                  48      0.177389506527776E-00016
                  49      0.177350980006137E-00016
                  50      0.177338085073444E-00016
