                   1      0.177335038749730E-00016
                   2      0.177367437874230E-00016
                   3      0.177462119128076E-00016
                   4      0.177613464727690E-00016
                   5      0.177812939629875E-00016
                   6      0.178050088392516E-00016
                   7      0.178311116418812E-00016
                   8      0.178581139482967E-00016
                   9      0.178845394254067E-00016
                  10      0.179090967342792E-00016
                  11      0.179304490175292E-00016
                  12      0.179476537383141E-00016
                  13      0.179600931931191E-00016
                  14      0.179673354757334E-00016
                  15      0.179692400165397E-00016
                  16      0.179660098029812E-00016
                  17      0.179579545765413E-00016
                  18      0.179457266243067E-00016
                  19      0.179301680852863E-00016
                  20      0.179374858818556E-00016
                  21      0.179560713184540E-00016
                  22      0.179783674813796E-00016
                  23      0.180016760429194E-00016
                  24      0.180237326154783E-00016
                  25      0.180427403056477E-00016
                  26      0.180573914873814E-00016
                  27      0.180668788018295E-00016
                  28      0.180708967284934E-00016
                  29      0.180696351947297E-00016
                  30      0.180637666449267E-00016
                  31      0.180544277997323E-00016
                  32      0.180431970427247E-00016
                  33      0.180320680238954E-00016
                  34      0.180234168881317E-00016
                  35      0.180172187801570E-00016
                  36      0.180087349356863E-00016
                  37      0.179974075283971E-00016
                  38      0.179830860344966E-00016
                  39      0.179660236417187E-00016
                  40      0.179453564469435E-00016
                  41      0.179221146624579E-00016
                  42      0.178963174895980E-00016
                  43      0.178685990165877E-00016
                  44      0.178402539306923E-00016
                  45      0.178129068805920E-00016
                  46      0.177878853784535E-00016
                  47      0.177670506357002E-00016
                  48      0.177511692641986E-00016
                  49      0.177413245906609E-00016
                  50      0.177451448837443E-00016
