                   1      0.177335135066522E-00016
                   2      0.177356970415531E-00016
                   3      0.177426263279353E-00016
                   4      0.177539666496479E-00016
                   5      0.177692485011688E-00016
                   6      0.177878802761794E-00016
                   7      0.178088082052261E-00016
                   8      0.178314931458604E-00016
                   9      0.178549118825225E-00016
                  10      0.178776225364510E-00016
                  11      0.178989934248956E-00016
                  12      0.179185423345427E-00016
                  13      0.179355587874560E-00016
                  14      0.179472533685777E-00016
                  15      0.179581301237490E-00016
                  16      0.179597704839713E-00016
                  17      0.179618739023404E-00016
                  18      0.179648920873212E-00016
                  19      0.179683102602565E-00016
                  20      0.179718616918910E-00016
                  21      0.179755315573006E-00016
                  22      0.179795592371201E-00016
                  23      0.179846715992914E-00016
                  24      0.179939303375137E-00016
                  25      0.180035057057294E-00016
                  26      0.180120340763484E-00016
                  27      0.180186846377804E-00016
                  28      0.180236013637376E-00016
                  29      0.180264110604742E-00016
                  30      0.180270599098692E-00016
                  31      0.180255769192829E-00016
                  32      0.180219122272926E-00016
                  33      0.180161331166712E-00016
                  34      0.180080915303039E-00016
                  35      0.179978831337156E-00016
                  36      0.179853755198027E-00016
                  37      0.179706328777703E-00016
                  38      0.179536560358678E-00016
                  39      0.179343511379840E-00016
                  40      0.179128716945046E-00016
                  41      0.178896269537128E-00016
                  42      0.178652405153952E-00016
                  43      0.178406115093622E-00016
                  44      0.178167536438868E-00016
                  45      0.177946065207524E-00016
                  46      0.177752032525718E-00016
                  47      0.177592759023528E-00016
                  48      0.177474723411623E-00016
                  49      0.177403515533021E-00016
                  50      0.177429616695110E-00016
