                   1      0.138145523560261E-00017
                   2      0.138353767196830E-00017
                   3      0.138922429481847E-00017
                   4      0.139721512555698E-00017
                   5      0.140606928741112E-00017
                   6      0.141434302765921E-00017
                   7      0.142075326208753E-00017
                   8      0.142433167480548E-00017
                   9      0.142458422120053E-00017
                  10      0.142148760264755E-00017
                  11      0.141544993521211E-00017
                  12      0.140738178061315E-00017
                  13      0.139852913876144E-00017
                  14      0.139032440237979E-00017
                  15      0.138422759656222E-00017
                  16      0.138154119713171E-00017
                  17      0.138338921315963E-00017
                  18      0.138992667279278E-00017
                  19      0.139728137324775E-00017
                  20      0.140290475583613E-00017
                  21      0.140951490038556E-00017
                  22      0.141725328057297E-00017
                  23      0.142551466566328E-00017
                  24      0.143359552019773E-00017
                  25      0.144083955712197E-00017
                  26      0.144670307127425E-00017
                  27      0.145080324654730E-00017
                  28      0.145294507773107E-00017
                  29      0.145240885731750E-00017
                  30      0.143721690443741E-00017
                  31      0.141838132442468E-00017
                  32      0.140209466384629E-00017
                  33      0.139030992371853E-00017
                  34      0.138365072451267E-00017
                  35      0.138205177334294E-00017
                  36      0.138498774437996E-00017
                  37      0.139130455294544E-00017
                  38      0.139967926105588E-00017
                  39      0.140865683332216E-00017
                  40      0.141680151379635E-00017
                  41      0.142286553203145E-00017
                  42      0.142593938377389E-00017
                  43      0.142562088995812E-00017
                  44      0.142194341638430E-00017
                  45      0.141541015698246E-00017
                  46      0.140698840752513E-00017
                  47      0.139794916503510E-00017
                  48      0.138972774570836E-00017
                  49      0.138378005119191E-00017
                  50      0.138145523570726E-00017
