                   1      0.138229798806660E-00017
                   2      0.138752508763265E-00017
                   3      0.139279184567618E-00017
                   4      0.139882240664892E-00017
                   5      0.140518402381986E-00017
                   6      0.141139187733110E-00017
                   7      0.141697731091337E-00017
                   8      0.142152437922708E-00017
                   9      0.142469795166611E-00017
                  10      0.142627016300931E-00017
                  11      0.142652673479906E-00017
                  12      0.142650629389809E-00017
                  13      0.142644292357505E-00017
                  14      0.142570379599796E-00017
                  15      0.142328838882471E-00017
                  16      0.141933061635564E-00017
                  17      0.141415142556076E-00017
                  18      0.140812858680703E-00017
                  19      0.140170783882666E-00017
                  20      0.139537634791094E-00017
                  21      0.138959802547815E-00017
                  22      0.138439035568847E-00017
                  23      0.138385016660843E-00017
                  24      0.139037165214523E-00017
                  25      0.139774656594029E-00017
                  26      0.140472481255596E-00017
                  27      0.140798891650841E-00017
                  28      0.141026644793766E-00017
                  29      0.141207831193752E-00017
                  30      0.141419993494610E-00017
                  31      0.141669390442268E-00017
                  32      0.141940663593247E-00017
                  33      0.142218645572923E-00017
                  34      0.142490036976714E-00017
                  35      0.142743874554136E-00017
                  36      0.142971628180710E-00017
                  37      0.143166966422086E-00017
                  38      0.143325441796773E-00017
                  39      0.143444334617897E-00017
                  40      0.143522714281946E-00017
                  41      0.143561620478208E-00017
                  42      0.143564234868094E-00017
                  43      0.143535936251549E-00017
                  44      0.143535972523345E-00017
                  45      0.142591071530684E-00017
                  46      0.141507961363340E-00017
                  47      0.140429209272502E-00017
                  48      0.139490003681126E-00017
                  49      0.138760507309007E-00017
                  50      0.138145523543810E-00017
