                   1      0.138229798809029E-00017
                   2      0.138680469120540E-00017
                   3      0.139178539989336E-00017
                   4      0.139766002029440E-00017
                   5      0.140398629160283E-00017
                   6      0.141027112986907E-00017
                   7      0.141602553092936E-00017
                   8      0.142080752607580E-00017
                   9      0.142425336508478E-00017
                  10      0.142610452235695E-00017
                  11      0.142642490360010E-00017
                  12      0.142642469847932E-00017
                  13      0.142636826869690E-00017
                  14      0.142517657216717E-00017
                  15      0.142232937356176E-00017
                  16      0.141801924661292E-00017
                  17      0.141256412604147E-00017
                  18      0.140637341682165E-00017
                  19      0.139992132199551E-00017
                  20      0.139372025509370E-00017
                  21      0.138829122976190E-00017
                  22      0.138386739094137E-00017
                  23      0.138403305217472E-00017
                  24      0.138813193355140E-00017
                  25      0.138931103238566E-00017
                  26      0.139253856471148E-00017
                  27      0.139737893968564E-00017
                  28      0.140353843639996E-00017
                  29      0.141070907538766E-00017
                  30      0.141856716098955E-00017
                  31      0.142677523142995E-00017
                  32      0.143499803577768E-00017
                  33      0.144292040495537E-00017
                  34      0.145026343296631E-00017
                  35      0.145679667407644E-00017
                  36      0.146234460908174E-00017
                  37      0.146678669747714E-00017
                  38      0.147005199700398E-00017
                  39      0.147211105586753E-00017
                  40      0.147296112074521E-00017
                  41      0.147185074413366E-00017
                  42      0.146981445430755E-00017
                  43      0.145745053514682E-00017
                  44      0.144309244229523E-00017
                  45      0.142846129655823E-00017
                  46      0.141495266348743E-00017
                  47      0.140337047094683E-00017
                  48      0.139410473561775E-00017
                  49      0.138728418732241E-00017
                  50      0.138196184216402E-00017
