                   1      0.138196184203616E-00017
                   2      0.138230353697448E-00017
                   3      0.138308842302154E-00017
                   4      0.138423376957735E-00017
                   5      0.138571538670833E-00017
                   6      0.138750068994859E-00017
                   7      0.138955329162268E-00017
                   8      0.139183414010885E-00017
                   9      0.139430200381135E-00017
                  10      0.139691403860823E-00017
                  11      0.139962646063511E-00017
                  12      0.140239519814650E-00017
                  13      0.140517644389502E-00017
                  14      0.140792713647397E-00017
                  15      0.141060544357839E-00017
                  16      0.141317123296577E-00017
                  17      0.141558649276167E-00017
                  18      0.141781574543301E-00017
                  19      0.141982647272551E-00017
                  20      0.142158952767690E-00017
                  21      0.142307953442295E-00017
                  22      0.142427523352361E-00017
                  23      0.142515968917008E-00017
                  24      0.142572032686816E-00017
                  25      0.142594909551815E-00017
                  26      0.142595336056865E-00017
                  27      0.142574541201941E-00017
                  28      0.142520469653227E-00017
                  29      0.142433947462336E-00017
                  30      0.142316248725015E-00017
                  31      0.142169087645402E-00017
                  32      0.141994604075041E-00017
                  33      0.141795334460281E-00017
                  34      0.141574180202727E-00017
                  35      0.141334375922863E-00017
                  36      0.141079455757763E-00017
                  37      0.140813215610356E-00017
                  38      0.140539670101001E-00017
                  39      0.140263004650761E-00017
                  40      0.139987524404170E-00017
                  41      0.139717602452549E-00017
                  42      0.139457628830542E-00017
                  43      0.139211960332284E-00017
                  44      0.138984870128420E-00017
                  45      0.138780491847234E-00017
                  46      0.138602753744047E-00017
                  47      0.138455308832918E-00017
                  48      0.138341417675306E-00017
                  49      0.138263491703849E-00017
                  50      0.138229798838585E-00017
