                   1      0.138147136582240E-00017
                   2      0.138187332573182E-00017
                   3      0.138270346751121E-00017
                   4      0.138389490671885E-00017
                   5      0.138542324470562E-00017
                   6      0.138725569843955E-00017
                   7      0.138935572984436E-00017
                   8      0.139168412114346E-00017
                   9      0.139419946520726E-00017
                  10      0.139685871950965E-00017
                  11      0.139961787185951E-00017
                  12      0.140243264415393E-00017
                  13      0.140525905878712E-00017
                  14      0.140805377955644E-00017
                  15      0.141077453051999E-00017
                  16      0.141338082187207E-00017
                  17      0.141583454898431E-00017
                  18      0.141810022906190E-00017
                  19      0.142014524244681E-00017
                  20      0.142194025043418E-00017
                  21      0.142345960513803E-00017
                  22      0.142468165388411E-00017
                  23      0.142558900172320E-00017
                  24      0.142616871991307E-00017
                  25      0.142641246242266E-00017
                  26      0.142641955040566E-00017
                  27      0.142622221810238E-00017
                  28      0.142568947197084E-00017
                  29      0.142482911528479E-00017
                  30      0.142365389174245E-00017
                  31      0.142218092460021E-00017
                  32      0.142043158023980E-00017
                  33      0.141843121608614E-00017
                  34      0.141620886763848E-00017
                  35      0.141379691373427E-00017
                  36      0.141123074465246E-00017
                  37      0.140854842569586E-00017
                  38      0.140579033629451E-00017
                  39      0.140299873184529E-00017
                  40      0.140021714381427E-00017
                  41      0.139748967652707E-00017
                  42      0.139486038152656E-00017
                  43      0.139237281735957E-00017
                  44      0.139006970220903E-00017
                  45      0.138799246472469E-00017
                  46      0.138618061175907E-00017
                  47      0.138467103933019E-00017
                  48      0.138349686104425E-00017
                  49      0.138268285014366E-00017
                  50      0.138229798803772E-00017
