                   1      0.138196184215937E-00017
                   2      0.138420128855652E-00017
                   3      0.138990667408070E-00017
                   4      0.139782764698745E-00017
                   5      0.140659315944057E-00017
                   6      0.141482796976511E-00017
                   7      0.142130173830947E-00017
                   8      0.142507050313513E-00017
                   9      0.142570109837429E-00017
                  10      0.142321478336654E-00017
                  11      0.141774281294563E-00017
                  12      0.141006117105487E-00017
                  13      0.140129443976160E-00017
                  14      0.139277565233432E-00017
                  15      0.138589840355475E-00017
                  16      0.138197637469139E-00017
                  17      0.138238666808175E-00017
                  18      0.138756199407531E-00017
                  19      0.139648978085410E-00017
                  20      0.140599817110772E-00017
                  21      0.141111246104306E-00017
                  22      0.141567382320230E-00017
                  23      0.142046434430252E-00017
                  24      0.142514771035777E-00017
                  25      0.142932492497870E-00017
                  26      0.143267392964517E-00017
                  27      0.143498501077497E-00017
                  28      0.143617253848825E-00017
                  29      0.143589860855961E-00017
                  30      0.142568071961336E-00017
                  31      0.141095484352458E-00017
                  32      0.139731354066289E-00017
                  33      0.138740977055745E-00017
                  34      0.138223780492801E-00017
                  35      0.138199635347008E-00017
                  36      0.138602813655827E-00017
                  37      0.139299225141529E-00017
                  38      0.140158173219990E-00017
                  39      0.141040231174303E-00017
                  40      0.141811971823534E-00017
                  41      0.142360905078934E-00017
                  42      0.142609931258797E-00017
                  43      0.142545822314674E-00017
                  44      0.142166994532434E-00017
                  45      0.141517666822968E-00017
                  46      0.140691167238157E-00017
                  47      0.139809218337922E-00017
                  48      0.139008754433823E-00017
                  49      0.138428345460640E-00017
                  50      0.138196184210375E-00017
