                   1      0.138145523566755E-00017
                   2      0.138684283243837E-00017
                   3      0.139220877805553E-00017
                   4      0.139835821002499E-00017
                   5      0.140483067209083E-00017
                   6      0.141114745096366E-00017
                   7      0.141681905846986E-00017
                   8      0.142141009982766E-00017
                   9      0.142457011168162E-00017
                  10      0.142606290953218E-00017
                  11      0.142621027052131E-00017
                  12      0.142621018607236E-00017
                  13      0.142619183227055E-00017
                  14      0.142523128956751E-00017
                  15      0.142258088970531E-00017
                  16      0.141842040423906E-00017
                  17      0.141306712530447E-00017
                  18      0.140693446277983E-00017
                  19      0.140050448338581E-00017
                  20      0.139427822714244E-00017
                  21      0.138868068587225E-00017
                  22      0.138396479731744E-00017
                  23      0.138616577278166E-00017
                  24      0.138936162563089E-00017
                  25      0.138972692582157E-00017
                  26      0.139277324039171E-00017
                  27      0.139760974878983E-00017
                  28      0.140378498458555E-00017
                  29      0.141097657160275E-00017
                  30      0.141885216177443E-00017
                  31      0.142706672968352E-00017
                  32      0.143527944304557E-00017
                  33      0.144317258063626E-00017
                  34      0.145046828490394E-00017
                  35      0.145694073666233E-00017
                  36      0.146242198072984E-00017
                  37      0.146680079168105E-00017
                  38      0.147001572192639E-00017
                  39      0.147204500440270E-00017
                  40      0.147289037952223E-00017
                  41      0.147226458810808E-00017
                  42      0.147176768222656E-00017
                  43      0.146050498921436E-00017
                  44      0.144648355235560E-00017
                  45      0.143161610602500E-00017
                  46      0.141759883634381E-00017
                  47      0.140540617605298E-00017
                  48      0.139547972288597E-00017
                  49      0.138798292950155E-00017
                  50      0.138147136620934E-00017
