                   1      0.138196184188710E-00017
                   2      0.138235505319928E-00017
                   3      0.138317293314116E-00017
                   4      0.138435014162446E-00017
                   5      0.138586251060626E-00017
                   6      0.138767732360483E-00017
                   7      0.138975800369761E-00017
                   8      0.139206516590087E-00017
                   9      0.139455726720459E-00017
                  10      0.139719130854947E-00017
                  11      0.139992342451129E-00017
                  12      0.140270940477056E-00017
                  13      0.140550526062835E-00017
                  14      0.140826778419864E-00017
                  15      0.141095500871986E-00017
                  16      0.141352662884798E-00017
                  17      0.141594447025427E-00017
                  18      0.141817296558359E-00017
                  19      0.142017957270606E-00017
                  20      0.142193514136654E-00017
                  21      0.142341426154592E-00017
                  22      0.142459558213691E-00017
                  23      0.142546204536852E-00017
                  24      0.142600102320719E-00017
                  25      0.142620520270277E-00017
                  26      0.142620028272187E-00017
                  27      0.142597358678296E-00017
                  28      0.142541076627046E-00017
                  29      0.142452059028576E-00017
                  30      0.142331564086127E-00017
                  31      0.142181286575160E-00017
                  32      0.142003357181320E-00017
                  33      0.141800317289564E-00017
                  34      0.141575088870981E-00017
                  35      0.141330943438931E-00017
                  36      0.141071459510100E-00017
                  37      0.140800466820190E-00017
                  38      0.140521995422469E-00017
                  39      0.140240238881411E-00017
                  40      0.139959515275957E-00017
                  41      0.139684216000471E-00017
                  42      0.139418754596352E-00017
                  43      0.139167522968771E-00017
                  44      0.138934842265753E-00017
                  45      0.138724892738762E-00017
                  46      0.138541632635129E-00017
                  47      0.138388731803269E-00017
                  48      0.138269462592497E-00017
                  49      0.138186188523213E-00017
                  50      0.138145523562043E-00017
