                   1      0.138145523567744E-00017
                   2      0.138259120617697E-00017
                   3      0.138558992801013E-00017
                   4      0.139002885304130E-00017
                   5      0.139547502419018E-00017
                   6      0.140145097958842E-00017
                   7      0.140749752144256E-00017
                   8      0.141316249877856E-00017
                   9      0.141803503272315E-00017
                  10      0.142176843022544E-00017
                  11      0.142410082120070E-00017
                  12      0.142487850216052E-00017
                  13      0.142457939690380E-00017
                  14      0.142282364448336E-00017
                  15      0.141959394510331E-00017
                  16      0.141511576404970E-00017
                  17      0.140970618696348E-00017
                  18      0.140375490170323E-00017
                  19      0.139769794594887E-00017
                  20      0.139200897816675E-00017
                  21      0.138716485319610E-00017
                  22      0.138542997805477E-00017
                  23      0.138796205910015E-00017
                  24      0.139276665986786E-00017
                  25      0.139975461076218E-00017
                  26      0.140938268952197E-00017
                  27      0.142069154498906E-00017
                  28      0.143315963663695E-00017
                  29      0.144627768854091E-00017
                  30      0.145953308039484E-00017
                  31      0.147241799248379E-00017
                  32      0.148444484456494E-00017
                  33      0.149516609492372E-00017
                  34      0.150419504967970E-00017
                  35      0.151122487396086E-00017
                  36      0.151604671630561E-00017
                  37      0.151856887874925E-00017
                  38      0.151278205546518E-00017
                  39      0.150133969941072E-00017
                  40      0.148683794229215E-00017
                  41      0.147102366578768E-00017
                  42      0.145497399358565E-00017
                  43      0.143946657202900E-00017
                  44      0.142510441253830E-00017
                  45      0.141236288201949E-00017
                  46      0.140160731186067E-00017
                  47      0.139308177128797E-00017
                  48      0.138695415639879E-00017
                  49      0.138325873328551E-00017
                  50      0.138196184212129E-00017
