                   1      0.138147136605698E-00017
                   2      0.138787044625145E-00017
                   3      0.139355607828175E-00017
                   4      0.139988604464454E-00017
                   5      0.140642016364637E-00017
                   6      0.141266584296950E-00017
                   7      0.141814713090234E-00017
                   8      0.142244897523563E-00017
                   9      0.142525067666133E-00017
                  10      0.142637605065655E-00017
                  11      0.142642525801357E-00017
                  12      0.142642525929074E-00017
                  13      0.142642427292354E-00017
                  14      0.142580815281609E-00017
                  15      0.142356394244208E-00017
                  16      0.141975313509461E-00017
                  17      0.141465737945432E-00017
                  18      0.140866643586011E-00017
                  19      0.140224528117602E-00017
                  20      0.139590782973701E-00017
                  21      0.139022195252765E-00017
                  22      0.138483984609489E-00017
                  23      0.138782642954085E-00017
                  24      0.139486624180201E-00017
                  25      0.140060979856761E-00017
                  26      0.140087198639208E-00017
                  27      0.140293527780869E-00017
                  28      0.140541535868004E-00017
                  29      0.140876418235012E-00017
                  30      0.141276215319750E-00017
                  31      0.141715067617457E-00017
                  32      0.142169281899546E-00017
                  33      0.142617853232798E-00017
                  34      0.143043096593785E-00017
                  35      0.143430954992004E-00017
                  36      0.143770811306255E-00017
                  37      0.144054973992219E-00017
                  38      0.144278162283469E-00017
                  39      0.144437240929696E-00017
                  40      0.144531257205598E-00017
                  41      0.144561666982008E-00017
                  42      0.144532577189415E-00017
                  43      0.144313575476102E-00017
                  44      0.144302796922930E-00017
                  45      0.143355056795385E-00017
                  46      0.142049355042800E-00017
                  47      0.140815126024218E-00017
                  48      0.139773758135397E-00017
                  49      0.138962211004933E-00017
                  50      0.138196184195500E-00017
