                   1      0.138196184208204E-00017
                   2      0.138937802792887E-00017
                   3      0.139429141718636E-00017
                   4      0.139951843021578E-00017
                   5      0.140483885377790E-00017
                   6      0.140995754832248E-00017
                   7      0.141464615028394E-00017
                   8      0.141894461533947E-00017
                   9      0.142310998463856E-00017
                  10      0.142762052644815E-00017
                  11      0.143292476621931E-00017
                  12      0.143914746407480E-00017
                  13      0.144612971075409E-00017
                  14      0.145378810773377E-00017
                  15      0.146258393499821E-00017
                  16      0.147260399090825E-00017
                  17      0.148371237973884E-00017
                  18      0.149565575904718E-00017
                  19      0.150797566827313E-00017
                  20      0.152003734305176E-00017
                  21      0.153115963820434E-00017
                  22      0.154076860880997E-00017
                  23      0.154848089179068E-00017
                  24      0.155408957412845E-00017
                  25      0.155749010172248E-00017
                  26      0.155865147091260E-00017
                  27      0.155872326297421E-00017
                  28      0.155872337966917E-00017
                  29      0.155872338539244E-00017
                  30      0.155872173990315E-00017
                  31      0.155872077230827E-00017
                  32      0.155864272527564E-00017
                  33      0.155738683466194E-00017
                  34      0.155393495535543E-00017
                  35      0.154836993330075E-00017
                  36      0.154085508537598E-00017
                  37      0.153159889518502E-00017
                  38      0.152085454099960E-00017
                  39      0.150891201199491E-00017
                  40      0.149608818312600E-00017
                  41      0.148271593357104E-00017
                  42      0.146913280817040E-00017
                  43      0.145566962090624E-00017
                  44      0.144263917345402E-00017
                  45      0.143029057695348E-00017
                  46      0.141881644623529E-00017
                  47      0.140849955161740E-00017
                  48      0.139954365452953E-00017
                  49      0.139200699427888E-00017
                  50      0.138229798777546E-00017
