                   1      0.138196184206587E-00017
                   2      0.138765465234486E-00017
                   3      0.139306522501109E-00017
                   4      0.139917715964609E-00017
                   5      0.140553554537206E-00017
                   6      0.141168018387920E-00017
                   7      0.141714070561409E-00017
                   8      0.142150084873118E-00017
                   9      0.142443341625068E-00017
                  10      0.142573186197106E-00017
                  11      0.142581556194056E-00017
                  12      0.142581566505332E-00017
                  13      0.142581457941713E-00017
                  14      0.142516506988853E-00017
                  15      0.142287484757615E-00017
                  16      0.141905015253169E-00017
                  17      0.141397080820836E-00017
                  18      0.140801721639362E-00017
                  19      0.140164209586412E-00017
                  20      0.139534658579550E-00017
                  21      0.138963370968116E-00017
                  22      0.138434300592049E-00017
                  23      0.138529040238638E-00017
                  24      0.139232221588537E-00017
                  25      0.140017501810810E-00017
                  26      0.140708345315732E-00017
                  27      0.140876028126495E-00017
                  28      0.141093252155182E-00017
                  29      0.141274237237466E-00017
                  30      0.141488260308437E-00017
                  31      0.141731960219233E-00017
                  32      0.141988757552873E-00017
                  33      0.142243853438522E-00017
                  34      0.142484739900319E-00017
                  35      0.142701519125247E-00017
                  36      0.142886879432278E-00017
                  37      0.143035802009369E-00017
                  38      0.143145247700236E-00017
                  39      0.143214036630150E-00017
                  40      0.143242947018936E-00017
                  41      0.143234918286582E-00017
                  42      0.143195174238689E-00017
                  43      0.143131269301692E-00017
                  44      0.142938901095097E-00017
                  45      0.142551119637819E-00017
                  46      0.141641047393296E-00017
                  47      0.140565682376509E-00017
                  48      0.139593335015141E-00017
                  49      0.138828743117164E-00017
                  50      0.138145523541422E-00017
