                   1      0.138229798809925E-00017
                   2      0.138253832974664E-00017
                   3      0.138321065329820E-00017
                   4      0.138426118232288E-00017
                   5      0.138565795261617E-00017
                   6      0.138736641064755E-00017
                   7      0.138935026293391E-00017
                   8      0.139157107495608E-00017
                   9      0.139398807753411E-00017
                  10      0.139655862641166E-00017
                  11      0.139923900050651E-00017
                  12      0.140198515644665E-00017
                  13      0.140475325101804E-00017
                  14      0.140750002878949E-00017
                  15      0.141018328999253E-00017
                  16      0.141276244447166E-00017
                  17      0.141519901115801E-00017
                  18      0.141745702747814E-00017
                  19      0.141950341435271E-00017
                  20      0.142130832768654E-00017
                  21      0.142284550961648E-00017
                  22      0.142409264562070E-00017
                  23      0.142503169096361E-00017
                  24      0.142564905708980E-00017
                  25      0.142593537892047E-00017
                  26      0.142592721630786E-00017
                  27      0.142562115722519E-00017
                  28      0.142498413724309E-00017
                  29      0.142402546072264E-00017
                  30      0.142275887120125E-00017
                  31      0.142120255192879E-00017
                  32      0.141937882953105E-00017
                  33      0.141731396543178E-00017
                  34      0.141503794419763E-00017
                  35      0.141258403384042E-00017
                  36      0.140998822032144E-00017
                  37      0.140728887670360E-00017
                  38      0.140452661732605E-00017
                  39      0.140174386016172E-00017
                  40      0.139898407099733E-00017
                  41      0.139629113702907E-00017
                  42      0.139370895880877E-00017
                  43      0.139128100864477E-00017
                  44      0.138904979805428E-00017
                  45      0.138705632780131E-00017
                  46      0.138533959926386E-00017
                  47      0.138393643474223E-00017
                  48      0.138288148856468E-00017
                  49      0.138220631586249E-00017
                  50      0.138196184229867E-00017
