                   1      0.138229798800054E-00017
                   2      0.139328478166263E-00017
                   3      0.139971919959186E-00017
                   4      0.140613049278602E-00017
                   5      0.141217461975246E-00017
                   6      0.141748299737774E-00017
                   7      0.142170246893105E-00017
                   8      0.142455641043980E-00017
                   9      0.142588769356944E-00017
                  10      0.142593907193542E-00017
                  11      0.142600158416146E-00017
                  12      0.142600358918118E-00017
                  13      0.142600259008285E-00017
                  14      0.142594150827919E-00017
                  15      0.142582940960405E-00017
                  16      0.142435080114746E-00017
                  17      0.142135141602840E-00017
                  18      0.141699935291953E-00017
                  19      0.141157602748396E-00017
                  20      0.140542100983005E-00017
                  21      0.139882914460986E-00017
                  22      0.139172487837339E-00017
                  23      0.138149106888128E-00017
                  24      0.139532927211783E-00017
                  25      0.140301373316067E-00017
                  26      0.140828227259610E-00017
                  27      0.141050261849807E-00017
                  28      0.141085155744158E-00017
                  29      0.141262677994256E-00017
                  30      0.141484200021131E-00017
                  31      0.141724276452983E-00017
                  32      0.141971526400701E-00017
                  33      0.142211301808724E-00017
                  34      0.142431997707111E-00017
                  35      0.142625718034213E-00017
                  36      0.142788115047553E-00017
                  37      0.142917466364733E-00017
                  38      0.143013452793833E-00017
                  39      0.143076340501471E-00017
                  40      0.143106901490588E-00017
                  41      0.143106895934525E-00017
                  42      0.143079668752155E-00017
                  43      0.143012764935513E-00017
                  44      0.143058199246975E-00017
                  45      0.143057669541439E-00017
                  46      0.142332462590047E-00017
                  47      0.141478200332049E-00017
                  48      0.140531685256927E-00017
                  49      0.139582570100567E-00017
                  50      0.138147136588347E-00017
