                   1      0.138147136597795E-00017
                   2      0.138579328503168E-00017
                   3      0.139067472949075E-00017
                   4      0.139637925650286E-00017
                   5      0.140248483249020E-00017
                   6      0.140852854787728E-00017
                   7      0.141406971433879E-00017
                   8      0.141871889673136E-00017
                   9      0.142216309040490E-00017
                  10      0.142419757960568E-00017
                  11      0.142485156958250E-00017
                  12      0.142488309445287E-00017
                  13      0.142487863923618E-00017
                  14      0.142446626774743E-00017
                  15      0.142276442043653E-00017
                  16      0.141963052547619E-00017
                  17      0.141523581942332E-00017
                  18      0.140986725026359E-00017
                  19      0.140388566197454E-00017
                  20      0.139769294828807E-00017
                  21      0.139168746523691E-00017
                  22      0.138622774160660E-00017
                  23      0.138183591418628E-00017
                  24      0.138503147184273E-00017
                  25      0.139109623034773E-00017
                  26      0.139689882723109E-00017
                  27      0.140142137431109E-00017
                  28      0.140494156560119E-00017
                  29      0.140861907938393E-00017
                  30      0.141249236677200E-00017
                  31      0.141665059702935E-00017
                  32      0.142096524657295E-00017
                  33      0.142525783226267E-00017
                  34      0.142936739516862E-00017
                  35      0.143316214758674E-00017
                  36      0.143653966588604E-00017
                  37      0.143942352105070E-00017
                  38      0.144175915335538E-00017
                  39      0.144351122804323E-00017
                  40      0.144466326451705E-00017
                  41      0.144521605790815E-00017
                  42      0.144512159406443E-00017
                  43      0.144512196339131E-00017
                  44      0.143526931764664E-00017
                  45      0.142452605631424E-00017
                  46      0.141359176101834E-00017
                  47      0.140330621470497E-00017
                  48      0.139449382164435E-00017
                  49      0.138767576205895E-00017
                  50      0.138229798788004E-00017
