                   1      0.138145523583999E-00017
                   2      0.138180612831600E-00017
                   3      0.138258867287129E-00017
                   4      0.138374007209391E-00017
                   5      0.138523271277037E-00017
                   6      0.138703271042061E-00017
                   7      0.138910322088527E-00017
                   8      0.139140510933481E-00017
                   9      0.139389722413026E-00017
                  10      0.139653687741088E-00017
                  11      0.139928042018767E-00017
                  12      0.140208372787576E-00017
                  13      0.140490264347929E-00017
                  14      0.140769356376295E-00017
                  15      0.141041414899117E-00017
                  16      0.141302388480976E-00017
                  17      0.141548437559666E-00017
                  18      0.141775963995510E-00017
                  19      0.141981662902098E-00017
                  20      0.142162576352959E-00017
                  21      0.142316125172125E-00017
                  22      0.142440127656967E-00017
                  23      0.142532821248847E-00017
                  24      0.142592879804896E-00017
                  25      0.142619360463216E-00017
                  26      0.142620027240095E-00017
                  27      0.142595874216240E-00017
                  28      0.142538235806067E-00017
                  29      0.142447964942217E-00017
                  30      0.142326375845619E-00017
                  31      0.142175221226629E-00017
                  32      0.141996680663297E-00017
                  33      0.141793340032103E-00017
                  34      0.141568160095958E-00017
                  35      0.141324436128260E-00017
                  36      0.141065755497200E-00017
                  37      0.140795956697984E-00017
                  38      0.140519087278804E-00017
                  39      0.140239358658592E-00017
                  40      0.139961098440777E-00017
                  41      0.139688701487696E-00017
                  42      0.139426582908475E-00017
                  43      0.139179132360611E-00017
                  44      0.138950659288845E-00017
                  45      0.138745322212573E-00017
                  46      0.138567058747043E-00017
                  47      0.138419545642063E-00017
                  48      0.138306155852296E-00017
                  49      0.138229730936182E-00017
                  50      0.138196184211923E-00017
