                   1      0.138229798803318E-00017
                   2      0.138264952151065E-00017
                   3      0.138344230851685E-00017
                   4      0.138459299823022E-00017
                   5      0.138607801134895E-00017
                   6      0.138786494213198E-00017
                   7      0.138991743472054E-00017
                   8      0.139219639948377E-00017
                   9      0.139466058812930E-00017
                  10      0.139726721705559E-00017
                  11      0.139997257628381E-00017
                  12      0.140273257204463E-00017
                  13      0.140550322546788E-00017
                  14      0.140824122509712E-00017
                  15      0.141090457251929E-00017
                  16      0.141345317684254E-00017
                  17      0.141584927528440E-00017
                  18      0.141805772484172E-00017
                  19      0.142004624647287E-00017
                  20      0.142178569300574E-00017
                  21      0.142325043450425E-00017
                  22      0.142441885917338E-00017
                  23      0.142527379033682E-00017
                  24      0.142580254864437E-00017
                  25      0.142599728133884E-00017
                  26      0.142599028668318E-00017
                  27      0.142574892164032E-00017
                  28      0.142517374831513E-00017
                  29      0.142427287883738E-00017
                  30      0.142305926677518E-00017
                  31      0.142155021988112E-00017
                  32      0.141976714421982E-00017
                  33      0.141773532248246E-00017
                  34      0.141548373142430E-00017
                  35      0.141304484746852E-00017
                  36      0.141045437434798E-00017
                  37      0.140775078244706E-00017
                  38      0.140497464830968E-00017
                  39      0.140216799168748E-00017
                  40      0.139937378842849E-00017
                  41      0.139663564776601E-00017
                  42      0.139399753679078E-00017
                  43      0.139150337975606E-00017
                  44      0.138919637305259E-00017
                  45      0.138711812478162E-00017
                  46      0.138530792058422E-00017
                  47      0.138380226441481E-00017
                  48      0.138263397726404E-00017
                  49      0.138182782305574E-00017
                  50      0.138145523627910E-00017
