                   1      0.138147136574315E-00017
                   2      0.138166455244208E-00017
                   3      0.138228135751095E-00017
                   4      0.138328251041004E-00017
                   5      0.138463504957810E-00017
                   6      0.138630385266056E-00017
                   7      0.138825181231607E-00017
                   8      0.139043983163625E-00017
                   9      0.139282699686563E-00017
                  10      0.139537094951885E-00017
                  11      0.139802841184950E-00017
                  12      0.140075574856867E-00017
                  13      0.140350938999586E-00017
                  14      0.140624620285207E-00017
                  15      0.140892401535697E-00017
                  16      0.141150222678281E-00017
                  17      0.141394229734709E-00017
                  18      0.141620812502978E-00017
                  19      0.141826642648390E-00017
                  20      0.142008714669186E-00017
                  21      0.142164385350706E-00017
                  22      0.142291406034174E-00017
                  23      0.142387945736125E-00017
                  24      0.142452608789762E-00017
                  25      0.142484436370125E-00017
                  26      0.142484298355669E-00017
                  27      0.142452160233582E-00017
                  28      0.142387217569568E-00017
                  29      0.142290410256163E-00017
                  30      0.142163128360565E-00017
                  31      0.142007202920077E-00017
                  32      0.141824884008880E-00017
                  33      0.141618814649851E-00017
                  34      0.141392000962222E-00017
                  35      0.141147776123291E-00017
                  36      0.140889759006936E-00017
                  37      0.140621810089905E-00017
                  38      0.140347987046147E-00017
                  39      0.140072501328208E-00017
                  40      0.139799673279434E-00017
                  41      0.139533881977527E-00017
                  42      0.139279511017895E-00017
                  43      0.139040894447835E-00017
                  44      0.138822262608313E-00017
                  45      0.138627687359774E-00017
                  46      0.138461042236016E-00017
                  47      0.138326006514753E-00017
                  48      0.138226099182500E-00017
                  49      0.138164650291505E-00017
                  50      0.138145523505813E-00017
