                   1      0.138145523553099E-00017
                   2      0.138737949155689E-00017
                   3      0.139288499555820E-00017
                   4      0.139909734133275E-00017
                   5      0.140558355768472E-00017
                   6      0.141184767523635E-00017
                   7      0.141740869530207E-00017
                   8      0.142184326374412E-00017
                   9      0.142481847277091E-00017
                  10      0.142612865064689E-00017
                  11      0.142622552047001E-00017
                  12      0.142622549221581E-00017
                  13      0.142621692435351E-00017
                  14      0.142550324091779E-00017
                  15      0.142311370899837E-00017
                  16      0.141917896038090E-00017
                  17      0.141399877945543E-00017
                  18      0.140796961576918E-00017
                  19      0.140155947549628E-00017
                  20      0.139527749687947E-00017
                  21      0.138967383783695E-00017
                  22      0.138478736099804E-00017
                  23      0.138665657428994E-00017
                  24      0.139170982618072E-00017
                  25      0.139387267871475E-00017
                  26      0.139536340388006E-00017
                  27      0.139839252976360E-00017
                  28      0.140268592178516E-00017
                  29      0.140796738042493E-00017
                  30      0.141392696328769E-00017
                  31      0.142027140083389E-00017
                  32      0.142672007754710E-00017
                  33      0.143301455334422E-00017
                  34      0.143892966179993E-00017
                  35      0.144428103542279E-00017
                  36      0.144892739116829E-00017
                  37      0.145276810125607E-00017
                  38      0.145573811318153E-00017
                  39      0.145780280032550E-00017
                  40      0.145895492375121E-00017
                  41      0.145922075789393E-00017
                  42      0.145759418048490E-00017
                  43      0.145756029074018E-00017
                  44      0.144685216481002E-00017
                  45      0.143306334769203E-00017
                  46      0.141940335482575E-00017
                  47      0.140718653504364E-00017
                  48      0.139707708168778E-00017
                  49      0.138930147054091E-00017
                  50      0.138229798805995E-00017
