                   1      0.138229798802448E-00017
                   2      0.138404619611008E-00017
                   3      0.138863423326828E-00017
                   4      0.139522856932636E-00017
                   5      0.140289079728234E-00017
                   6      0.141065394623340E-00017
                   7      0.141767613133151E-00017
                   8      0.142364130090995E-00017
                   9      0.142969907740636E-00017
                  10      0.143874488690605E-00017
                  11      0.145180527132469E-00017
                  12      0.146733704831817E-00017
                  13      0.148414601773254E-00017
                  14      0.150146414684574E-00017
                  15      0.151845435479927E-00017
                  16      0.153400444913202E-00017
                  17      0.154671148884531E-00017
                  18      0.155520161910250E-00017
                  19      0.155857965422310E-00017
                  20      0.155662844610164E-00017
                  21      0.154946636883836E-00017
                  22      0.153756561863943E-00017
                  23      0.152172014730392E-00017
                  24      0.150295981132895E-00017
                  25      0.148247101814578E-00017
                  26      0.146150606834536E-00017
                  27      0.144129055709822E-00017
                  28      0.142293677858604E-00017
                  29      0.140736912989809E-00017
                  30      0.139526597577736E-00017
                  31      0.138702117090713E-00017
                  32      0.138272757552012E-00017
                  33      0.138222049317363E-00017
                  34      0.138505127205751E-00017
                  35      0.139043309735229E-00017
                  36      0.139749639616890E-00017
                  37      0.140528128357991E-00017
                  38      0.141281661267113E-00017
                  39      0.141920762123564E-00017
                  40      0.142371701402453E-00017
                  41      0.142583455865022E-00017
                  42      0.142537623851960E-00017
                  43      0.142237299944038E-00017
                  44      0.141714416533466E-00017
                  45      0.141028975260553E-00017
                  46      0.140260559297423E-00017
                  47      0.139501204548601E-00017
                  48      0.138847950490063E-00017
                  49      0.138395494867503E-00017
                  50      0.138229798852168E-00017
