                   1      0.138147136599556E-00017
                   2      0.138368199448141E-00017
                   3      0.138932352523546E-00017
                   4      0.139719315804303E-00017
                   5      0.140595213075895E-00017
                   6      0.141425110872806E-00017
                   7      0.142087495803233E-00017
                   8      0.142487880563536E-00017
                   9      0.142575725756919E-00017
                  10      0.142354079516035E-00017
                  11      0.141834084126004E-00017
                  12      0.141091311138595E-00017
                  13      0.140259556744812E-00017
                  14      0.139607915640492E-00017
                  15      0.140198936362032E-00017
                  16      0.141523190816094E-00017
                  17      0.143325080029833E-00017
                  18      0.145414555726907E-00017
                  19      0.147619890308550E-00017
                  20      0.149765313136752E-00017
                  21      0.151679504530417E-00017
                  22      0.153208896064291E-00017
                  23      0.154224113974468E-00017
                  24      0.154583578190911E-00017
                  25      0.153621223793414E-00017
                  26      0.151912129669803E-00017
                  27      0.149782219112196E-00017
                  28      0.147460291763931E-00017
                  29      0.145133583954755E-00017
                  30      0.142969327338930E-00017
                  31      0.141109547275407E-00017
                  32      0.139661079217842E-00017
                  33      0.138687918034350E-00017
                  34      0.138207174730013E-00017
                  35      0.138208144427644E-00017
                  36      0.138612939820787E-00017
                  37      0.139297930407002E-00017
                  38      0.140135693872123E-00017
                  39      0.140990328939245E-00017
                  40      0.141732609390011E-00017
                  41      0.142254392480482E-00017
                  42      0.142481041503987E-00017
                  43      0.142400112377999E-00017
                  44      0.142009764183277E-00017
                  45      0.141359529616834E-00017
                  46      0.140543638911645E-00017
                  47      0.139682273441157E-00017
                  48      0.138908328284951E-00017
                  49      0.138355272177011E-00017
                  50      0.138147136576405E-00017
