                   1      0.138196184206192E-00017
                   2      0.138745383389714E-00017
                   3      0.139279999514519E-00017
                   4      0.139889712341416E-00017
                   5      0.140530597920561E-00017
                   6      0.141152890261551E-00017
                   7      0.141708930284640E-00017
                   8      0.142156620417240E-00017
                   9      0.142462466630416E-00017
                  10      0.142605571635760E-00017
                  11      0.142621109785025E-00017
                  12      0.142621083557835E-00017
                  13      0.142619011066763E-00017
                  14      0.142540679440283E-00017
                  15      0.142299232770175E-00017
                  16      0.141904797007603E-00017
                  17      0.141386152555265E-00017
                  18      0.140782086824437E-00017
                  19      0.140138605197013E-00017
                  20      0.139505802085781E-00017
                  21      0.138935273263488E-00017
                  22      0.138422159207353E-00017
                  23      0.138498658671111E-00017
                  24      0.139174721892582E-00017
                  25      0.140001205146794E-00017
                  26      0.140775002157136E-00017
                  27      0.140842268005674E-00017
                  28      0.141045442524628E-00017
                  29      0.141189654180122E-00017
                  30      0.141389792706647E-00017
                  31      0.141628092024305E-00017
                  32      0.141885623204049E-00017
                  33      0.142146688352419E-00017
                  34      0.142397803525182E-00017
                  35      0.142627972562107E-00017
                  36      0.142828854981509E-00017
                  37      0.142994597005478E-00017
                  38      0.143121504037465E-00017
                  39      0.143207812314931E-00017
                  40      0.143253684429139E-00017
                  41      0.143261367366180E-00017
                  42      0.143235361504105E-00017
                  43      0.143182464468133E-00017
                  44      0.142983748478373E-00017
                  45      0.142395982032237E-00017
                  46      0.141496711543357E-00017
                  47      0.140476325762232E-00017
                  48      0.139540977795388E-00017
                  49      0.138796888020941E-00017
                  50      0.138147136581134E-00017
