                   1      0.138145523556844E-00017
                   2      0.138183157664003E-00017
                   3      0.138263893196401E-00017
                   4      0.138380702354198E-00017
                   5      0.138531213894999E-00017
                   6      0.138712172878242E-00017
                   7      0.138919935894247E-00017
                   8      0.139150567748214E-00017
                   9      0.139399905053585E-00017
                  10      0.139663640667423E-00017
                  11      0.139937398627593E-00017
                  12      0.140216781940579E-00017
                  13      0.140497411309005E-00017
                  14      0.140774972866908E-00017
                  15      0.141045267885175E-00017
                  16      0.141304259717914E-00017
                  17      0.141548124346727E-00017
                  18      0.141773302666043E-00017
                  19      0.141976540191814E-00017
                  20      0.142154916593070E-00017
                  21      0.142305880247493E-00017
                  22      0.142427284934224E-00017
                  23      0.142517415543595E-00017
                  24      0.142574998002377E-00017
                  25      0.142599197516950E-00017
                  26      0.142599887277659E-00017
                  27      0.142580205167783E-00017
                  28      0.142527171388731E-00017
                  29      0.142441559469898E-00017
                  30      0.142324635620037E-00017
                  31      0.142178105006304E-00017
                  32      0.142004104226293E-00017
                  33      0.141805175929705E-00017
                  34      0.141584233793205E-00017
                  35      0.141344526634289E-00017
                  36      0.141089600469635E-00017
                  37      0.140823254798811E-00017
                  38      0.140549498130370E-00017
                  39      0.140272506708150E-00017
                  40      0.139996581122260E-00017
                  41      0.139726099003639E-00017
                  42      0.139465464551888E-00017
                  43      0.139219056511026E-00017
                  44      0.138991169670361E-00017
                  45      0.138785946423277E-00017
                  46      0.138607307682123E-00017
                  47      0.138458894519324E-00017
                  48      0.138343954586225E-00017
                  49      0.138264869042817E-00017
                  50      0.138229798799120E-00017
