                   1      0.138229798816043E-00017
                   2      0.138268536474492E-00017
                   3      0.138350185878695E-00017
                   4      0.138467629458130E-00017
                   5      0.138618500623360E-00017
                   6      0.138799560251157E-00017
                   7      0.139007189002514E-00017
                   8      0.139237473241046E-00017
                   9      0.139486253670143E-00017
                  10      0.139749209882408E-00017
                  11      0.140021945078327E-00017
                  12      0.140300042398637E-00017
                  13      0.140579108609898E-00017
                  14      0.140854826423355E-00017
                  15      0.141123007532292E-00017
                  16      0.141379633635647E-00017
                  17      0.141620892314933E-00017
                  18      0.141843220874299E-00017
                  19      0.142043354460990E-00017
                  20      0.142218368462152E-00017
                  21      0.142365712215643E-00017
                  22      0.142483238396801E-00017
                  23      0.142569231377623E-00017
                  24      0.142622419712182E-00017
                  25      0.142642001634843E-00017
                  26      0.142641259103324E-00017
                  27      0.142616848903438E-00017
                  28      0.142558886458763E-00017
                  29      0.142468186192692E-00017
                  30      0.142346036766734E-00017
                  31      0.142194158825416E-00017
                  32      0.142014695602280E-00017
                  33      0.141810197866279E-00017
                  34      0.141583596714931E-00017
                  35      0.141338165034096E-00017
                  36      0.141077476324883E-00017
                  37      0.140805363977562E-00017
                  38      0.140525876191471E-00017
                  39      0.140243225888553E-00017
                  40      0.139961741734724E-00017
                  41      0.139685821786013E-00017
                  42      0.139419884835676E-00017
                  43      0.139168318708464E-00017
                  44      0.138935424814149E-00017
                  45      0.138725357143130E-00017
                  46      0.138542060652622E-00017
                  47      0.138389217104703E-00017
                  48      0.138270138403878E-00017
                  49      0.138187309170695E-00017
                  50      0.138147136594210E-00017
