                   1      0.138145523577407E-00017
                   2      0.138180601071032E-00017
                   3      0.138260924325794E-00017
                   4      0.138376435037764E-00017
                   5      0.138525058112210E-00017
                   6      0.138703627585875E-00017
                   7      0.138908507545871E-00017
                   8      0.139135759345944E-00017
                   9      0.139381239452908E-00017
                  10      0.139640686747271E-00017
                  11      0.139909776572220E-00017
                  12      0.140184148535733E-00017
                  13      0.140459442917681E-00017
                  14      0.140731363191289E-00017
                  15      0.140995744531419E-00017
                  16      0.141248604625489E-00017
                  17      0.141486180640287E-00017
                  18      0.141704968357182E-00017
                  19      0.141901763965797E-00017
                  20      0.142073699694616E-00017
                  21      0.142218276403179E-00017
                  22      0.142333397475244E-00017
                  23      0.142417394691495E-00017
                  24      0.142469030889644E-00017
                  25      0.142487618201708E-00017
                  26      0.142487593377960E-00017
                  27      0.142469273602597E-00017
                  28      0.142418011225558E-00017
                  29      0.142334372073747E-00017
                  30      0.142219589021241E-00017
                  31      0.142075335381266E-00017
                  32      0.141903705998104E-00017
                  33      0.141707195226111E-00017
                  34      0.141488671133782E-00017
                  35      0.141251337945148E-00017
                  36      0.140998691259083E-00017
                  37      0.140734479832662E-00017
                  38      0.140462674889746E-00017
                  39      0.140187432893204E-00017
                  40      0.139913044900129E-00017
                  41      0.139643878649444E-00017
                  42      0.139384321609335E-00017
                  43      0.139138726812993E-00017
                  44      0.138911357578550E-00017
                  45      0.138706330244657E-00017
                  46      0.138527557838135E-00017
                  47      0.138378681269241E-00017
                  48      0.138262884324473E-00017
                  49      0.138182183354290E-00017
                  50      0.138147136586800E-00017
