                   1      0.138196184192289E-00017
                   2      0.138231215882717E-00017
                   3      0.138310370738321E-00017
                   4      0.138425542051637E-00017
                   5      0.138574288245708E-00017
                   6      0.138753333262295E-00017
                   7      0.138959013159478E-00017
                   8      0.139187395509345E-00017
                   9      0.139434336021895E-00017
                  10      0.139695542509586E-00017
                  11      0.139966638941678E-00017
                  12      0.140243221162057E-00017
                  13      0.140520908550182E-00017
                  14      0.140795395780160E-00017
                  15      0.141062500775220E-00017
                  16      0.141318207179346E-00017
                  17      0.141558706817419E-00017
                  18      0.141780445262015E-00017
                  19      0.141980167719184E-00017
                  20      0.142154962137064E-00017
                  21      0.142302296798911E-00017
                  22      0.142420049042750E-00017
                  23      0.142506522541343E-00017
                  24      0.142560445363842E-00017
                  25      0.142580958627189E-00017
                  26      0.142580607928065E-00017
                  27      0.142557465000124E-00017
                  28      0.142500974224778E-00017
                  29      0.142411916842491E-00017
                  30      0.142291568598474E-00017
                  31      0.142141654899296E-00017
                  32      0.141964327026215E-00017
                  33      0.141762133272431E-00017
                  34      0.141537986678329E-00017
                  35      0.141295131577012E-00017
                  36      0.141037108605777E-00017
                  37      0.140767718595383E-00017
                  38      0.140490986282791E-00017
                  39      0.140211117925396E-00017
                  40      0.139932448595693E-00017
                  41      0.139659382672150E-00017
                  42      0.139396336631457E-00017
                  43      0.139147688444368E-00017
                  44      0.138917724972256E-00017
                  45      0.138710581056521E-00017
                  46      0.138530178389548E-00017
                  47      0.138380172535896E-00017
                  48      0.138263847091582E-00017
                  49      0.138183673808731E-00017
                  50      0.138147136597325E-00017
