                   1      0.138147136589718E-00017
                   2      0.138743288581566E-00017
                   3      0.139221099851195E-00017
                   4      0.139751491583616E-00017
                   5      0.140305731712738E-00017
                   6      0.140849200501797E-00017
                   7      0.141351238030362E-00017
                   8      0.141792079139726E-00017
                   9      0.142149637179084E-00017
                  10      0.142412513904793E-00017
                  11      0.142595757138723E-00017
                  12      0.142769200754744E-00017
                  13      0.143050099655937E-00017
                  14      0.143560070434218E-00017
                  15      0.144281732495100E-00017
                  16      0.145147844803296E-00017
                  17      0.146136256819047E-00017
                  18      0.147209326789520E-00017
                  19      0.148335614469237E-00017
                  20      0.149484864839456E-00017
                  21      0.150637471855667E-00017
                  22      0.151779067957472E-00017
                  23      0.152883501424870E-00017
                  24      0.153895957711229E-00017
                  25      0.154743018069883E-00017
                  26      0.155367157280348E-00017
                  27      0.155743802734522E-00017
                  28      0.155868880218494E-00017
                  29      0.155869407068663E-00017
                  30      0.155869406884274E-00017
                  31      0.155869407412828E-00017
                  32      0.155869400589760E-00017
                  33      0.155807504319689E-00017
                  34      0.155512395199440E-00017
                  35      0.154978577385501E-00017
                  36      0.154222562028153E-00017
                  37      0.153267747568707E-00017
                  38      0.152143318421602E-00017
                  39      0.150883144152500E-00017
                  40      0.149524550341283E-00017
                  41      0.148106961740667E-00017
                  42      0.146670465232236E-00017
                  43      0.145254372124816E-00017
                  44      0.143895842258651E-00017
                  45      0.142628250086231E-00017
                  46      0.141472631881683E-00017
                  47      0.140455656562796E-00017
                  48      0.139598324142874E-00017
                  49      0.138909178238427E-00017
                  50      0.138145523590297E-00017
