                   1      0.138147136615921E-00017
                   2      0.138183660166029E-00017
                   3      0.138263949471625E-00017
                   4      0.138380321077984E-00017
                   5      0.138530345546087E-00017
                   6      0.138710746911664E-00017
                   7      0.138917874382646E-00017
                   8      0.139147814167025E-00017
                   9      0.139396433042692E-00017
                  10      0.139659435824965E-00017
                  11      0.139932434295661E-00017
                  12      0.140211011005175E-00017
                  13      0.140490778027378E-00017
                  14      0.140767432484407E-00017
                  15      0.141036797115727E-00017
                  16      0.141294848183606E-00017
                  17      0.141537757935980E-00017
                  18      0.141761958132350E-00017
                  19      0.141964194631346E-00017
                  20      0.142141557670761E-00017
                  21      0.142291505465566E-00017
                  22      0.142411894079703E-00017
                  23      0.142501004560598E-00017
                  24      0.142557551500042E-00017
                  25      0.142580665104120E-00017
                  26      0.142581014677460E-00017
                  27      0.142560492545591E-00017
                  28      0.142506630638980E-00017
                  29      0.142420180280264E-00017
                  30      0.142302414713410E-00017
                  31      0.142155047452824E-00017
                  32      0.141980216125174E-00017
                  33      0.141780459041356E-00017
                  34      0.141558687876117E-00017
                  35      0.141318154586691E-00017
                  36      0.141062411533549E-00017
                  37      0.140795266356021E-00017
                  38      0.140520737420192E-00017
                  39      0.140243012932255E-00017
                  40      0.139966405732592E-00017
                  41      0.139695299707870E-00017
                  42      0.139434096302411E-00017
                  43      0.139187166406279E-00017
                  44      0.138958801280010E-00017
                  45      0.138753152786801E-00017
                  46      0.138574163633623E-00017
                  47      0.138425500587550E-00017
                  48      0.138310438824694E-00017
                  49      0.138231388933185E-00017
                  50      0.138196184215222E-00017
