                   1      0.135463731831745E-00016
                   2      0.135470400878821E-00016
                   3      0.135467602359402E-00016
                   4      0.135463319859772E-00016
                   5      0.135459923910337E-00016
                   6      0.135452728177083E-00016
                   7      0.135442053000107E-00016
                   8      0.135427996160015E-00016
                   9      0.135410343051503E-00016
                  10      0.135388865636424E-00016
                  11      0.135363167122494E-00016
                  12      0.135333238485815E-00016
                  13      0.135299376523118E-00016
                  14      0.135261923138283E-00016
                  15      0.135221312596311E-00016
                  16      0.135178212387510E-00016
                  17      0.135133338293388E-00016
                  18      0.135087005263325E-00016
                  19      0.135038557409121E-00016
                  20      0.134987129997623E-00016
                  21      0.134930096257003E-00016
                  22      0.134863616330621E-00016
                  23      0.134785136073221E-00016
                  24      0.134690130201031E-00016
                  25      0.134572103368028E-00016
                  26      0.134422031861448E-00016
                  27      0.134230830103337E-00016
                  28      0.133993564347038E-00016
                  29      0.133710542820428E-00016
                  30      0.133387176171795E-00016
                  31      0.133031455478208E-00016
                  32      0.132650970715526E-00016
                  33      0.132251761451849E-00016
                  34      0.131839434123035E-00016
                  35      0.131420321508140E-00016
                  36      0.131000639852415E-00016
                  37      0.130588778857592E-00016
                  38      0.130189707757184E-00016
                  39      0.129807310071691E-00016
                  40      0.129448453812032E-00016
                  41      0.129114729393449E-00016
                  42      0.128808790846712E-00016
                  43      0.128530204442401E-00016
                  44      0.128280158110501E-00016
                  45      0.128060786653366E-00016
                  46      0.127874521419633E-00016
                  47      0.127724094445189E-00016
                  48      0.127612545145749E-00016
                  49      0.127543209487554E-00016
                  50      0.127519798745510E-00016
