                   1      0.135463731783790E-00016
                   2      0.135473910020887E-00016
                   3      0.135474410600052E-00016
                   4      0.135458470452718E-00016
                   5      0.135442578451286E-00016
                   6      0.135423821747035E-00016
                   7      0.135397869786794E-00016
                   8      0.135362345779642E-00016
                   9      0.135316757363908E-00016
                  10      0.135262856482735E-00016
                  11      0.135205338000093E-00016
                  12      0.135147825917911E-00016
                  13      0.135092556044878E-00016
                  14      0.135036522452701E-00016
                  15      0.134970997561017E-00016
                  16      0.134883080497526E-00016
                  17      0.134752362307293E-00016
                  18      0.134557143106543E-00016
                  19      0.134287709653348E-00016
                  20      0.133948457161454E-00016
                  21      0.133546234341870E-00016
                  22      0.133115417756531E-00016
                  23      0.132312347066505E-00016
                  24      0.131956714117058E-00016
                  25      0.133179276588291E-00016
                  26      0.134274658411956E-00016
                  27      0.135321692639457E-00016
                  28      0.136381443094104E-00016
                  29      0.137405165300964E-00016
                  30      0.138330367331215E-00016
                  31      0.139115052807551E-00016
                  32      0.139751297303772E-00016
                  33      0.140250265331375E-00016
                  34      0.140627807080419E-00016
                  35      0.140895724909160E-00016
                  36      0.141064750355185E-00016
                  37      0.141142760647703E-00016
                  38      0.141138595182630E-00016
                  39      0.141052474518346E-00016
                  40      0.140887417454125E-00016
                  41      0.140661929787795E-00016
                  42      0.140401118088245E-00016
                  43      0.140074243268234E-00016
                  44      0.139644517918376E-00016
                  45      0.139114805064748E-00016
                  46      0.138520409539354E-00016
                  47      0.137901429301421E-00016
                  48      0.137291161363758E-00016
                  49      0.136718790343478E-00016
                  50      0.135436689414738E-00016
