                   1      0.127519798739411E-00016
                   2      0.127540919401908E-00016
                   3      0.127600559782778E-00016
                   4      0.127696716244733E-00016
                   5      0.127827672237544E-00016
                   6      0.127992934015296E-00016
                   7      0.128188614314705E-00016
                   8      0.128410696367378E-00016
                   9      0.128654310838162E-00016
                  10      0.128913903089742E-00016
                  11      0.129183563424220E-00016
                  12      0.129457473552127E-00016
                  13      0.129730277631375E-00016
                  14      0.129997163055420E-00016
                  15      0.130253813822048E-00016
                  16      0.130496435190622E-00016
                  17      0.130721805583676E-00016
                  18      0.130927268006442E-00016
                  19      0.131110664209793E-00016
                  20      0.131270250644051E-00016
                  21      0.131404625041837E-00016
                  22      0.131512673246129E-00016
                  23      0.131593533933084E-00016
                  24      0.131646577642563E-00016
                  25      0.131671449414949E-00016
                  26      0.131669234930436E-00016
                  27      0.131639798137041E-00016
                  28      0.131582389507328E-00016
                  29      0.131497307197341E-00016
                  30      0.131385142997061E-00016
                  31      0.131246735314850E-00016
                  32      0.131083216192388E-00016
                  33      0.130896038487429E-00016
                  34      0.130686951898920E-00016
                  35      0.130457987447120E-00016
                  36      0.130211565494358E-00016
                  37      0.129950738115169E-00016
                  38      0.129679380378809E-00016
                  39      0.129402161813419E-00016
                  40      0.129124358154516E-00016
                  41      0.128851648792939E-00016
                  42      0.128589908313111E-00016
                  43      0.128344924254205E-00016
                  44      0.128122049427467E-00016
                  45      0.127925915421203E-00016
                  46      0.127760546908192E-00016
                  47      0.127628992455033E-00016
                  48      0.127532671008002E-00016
                  49      0.127473262060355E-00016
                  50      0.127452997639918E-00016
