                   1      0.308665215606867E-00016
                   2      0.308826695467690E-00016
                   3      0.309276048631733E-00016
                   4      0.309985207784567E-00016
                   5      0.310970312742257E-00016
                   6      0.312222005998499E-00016
                   7      0.313736961090680E-00016
                   8      0.315509894366835E-00016
                   9      0.317528913012199E-00016
                  10      0.319777181193843E-00016
                  11      0.322233215925111E-00016
                  12      0.324869505906025E-00016
                  13      0.327650472398576E-00016
                  14      0.330529412300841E-00016
                  15      0.333444066210988E-00016
                  16      0.336310940445680E-00016
                  17      0.339022302817595E-00016
                  18      0.341460355200103E-00016
                  19      0.343544286903515E-00016
                  20      0.345274716591024E-00016
                  21      0.346707004865805E-00016
                  22      0.347887583693486E-00016
                  23      0.348826214667318E-00016
                  24      0.349509424265235E-00016
                  25      0.349910853432512E-00016
                  26      0.350013724629145E-00016
                  27      0.349868077660843E-00016
                  28      0.349472482726866E-00016
                  29      0.348806891242788E-00016
                  30      0.347829897999413E-00016
                  31      0.346487562055369E-00016
                  32      0.344738955786728E-00016
                  33      0.342584992144358E-00016
                  34      0.340079734832045E-00016
                  35      0.337315902256283E-00016
                  36      0.334397991833742E-00016
                  37      0.331422195470928E-00016
                  38      0.328468711419786E-00016
                  39      0.325601703397290E-00016
                  40      0.322871776583185E-00016
                  41      0.320318763954142E-00016
                  42      0.317974164706824E-00016
                  43      0.315863295781961E-00016
                  44      0.314005318811011E-00016
                  45      0.312412763603093E-00016
                  46      0.311098275884111E-00016
                  47      0.310065918732119E-00016
                  48      0.309318609736979E-00016
                  49      0.308897308685759E-00016
                  50      0.308842188207579E-00016
