                   1      0.308665215682979E-00016
                   2      0.308824601686047E-00016
                   3      0.309273192429613E-00016
                   4      0.309983442583000E-00016
                   5      0.310966131263560E-00016
                   6      0.312216086713041E-00016
                   7      0.313730213677569E-00016
                   8      0.315502703156352E-00016
                   9      0.317521044889995E-00016
                  10      0.319768143329440E-00016
                  11      0.322223297651100E-00016
                  12      0.324859943116895E-00016
                  13      0.327642954804102E-00016
                  14      0.330525465661735E-00016
                  15      0.333444836489153E-00016
                  16      0.336318399275056E-00016
                  17      0.339041887164082E-00016
                  18      0.341498360942450E-00016
                  19      0.343590520653725E-00016
                  20      0.345294083030294E-00016
                  21      0.346690610555943E-00016
                  22      0.347835568045548E-00016
                  23      0.348755815617678E-00016
                  24      0.349445854889689E-00016
                  25      0.349862778265012E-00016
                  26      0.349994224661357E-00016
                  27      0.349813540301198E-00016
                  28      0.349377303239146E-00016
                  29      0.348670180393010E-00016
                  30      0.347677157636453E-00016
                  31      0.346358978153005E-00016
                  32      0.344659897866336E-00016
                  33      0.342556374902938E-00016
                  34      0.340086948557573E-00016
                  35      0.337341307719748E-00016
                  36      0.334428504004575E-00016
                  37      0.331450669958815E-00016
                  38      0.328492067378830E-00016
                  39      0.325618649984161E-00016
                  40      0.322881487170252E-00016
                  41      0.320320477077312E-00016
                  42      0.317967447237297E-00016
                  43      0.315848236858661E-00016
                  44      0.313982889504370E-00016
                  45      0.312384995221864E-00016
                  46      0.311067225216680E-00016
                  47      0.310029267145146E-00016
                  48      0.309277962346552E-00016
                  49      0.308847413098691E-00016
                  50      0.308774133941440E-00016
