                   1      0.352175718670068E-00017
                   2      0.352252726861014E-00017
                   3      0.352453823159963E-00017
                   4      0.352764583129643E-00017
                   5      0.353176131018705E-00017
                   6      0.353678433053654E-00017
                   7      0.354260801313808E-00017
                   8      0.354912056417017E-00017
                   9      0.355620553559521E-00017
                  10      0.356374216432840E-00017
                  11      0.357160624877743E-00017
                  12      0.357967142397639E-00017
                  13      0.358781057036402E-00017
                  14      0.359589722460565E-00017
                  15      0.360380700702214E-00017
                  16      0.361141911246905E-00017
                  17      0.361861785485835E-00017
                  18      0.362529420530647E-00017
                  19      0.363134726086372E-00017
                  20      0.363668560289325E-00017
                  21      0.364122853106587E-00017
                  22      0.364490716943801E-00017
                  23      0.364766539074039E-00017
                  24      0.364946025140052E-00017
                  25      0.365026135096561E-00017
                  26      0.365023130552089E-00017
                  27      0.364934113620008E-00017
                  28      0.364745973408888E-00017
                  29      0.364461594041354E-00017
                  30      0.364085257108130E-00017
                  31      0.363622593214784E-00017
                  32      0.363080520093897E-00017
                  33      0.362467143205716E-00017
                  34      0.361791636068902E-00017
                  35      0.361064109123009E-00017
                  36      0.360295472521695E-00017
                  37      0.359497295287378E-00017
                  38      0.358681662228930E-00017
                  39      0.357861029823922E-00017
                  40      0.357048081018718E-00017
                  41      0.356255577746392E-00017
                  42      0.355496211622865E-00017
                  43      0.354782458937027E-00017
                  44      0.354126454204976E-00017
                  45      0.353539900713985E-00017
                  46      0.353034022276139E-00017
                  47      0.352619514397004E-00017
                  48      0.352306381538414E-00017
                  49      0.352103494433172E-00017
                  50      0.352024296860220E-00017
