                   1      0.352024296962986E-00017
                   2      0.352103967668979E-00017
                   3      0.352307396487405E-00017
                   4      0.352620721490534E-00017
                   5      0.353035166389695E-00017
                   6      0.353540813185869E-00017
                   7      0.354127003453730E-00017
                   8      0.354782508380400E-00017
                   9      0.355495600329433E-00017
                  10      0.356254123059970E-00017
                  11      0.357045594354110E-00017
                  12      0.357857336956642E-00017
                  13      0.358676620907809E-00017
                  14      0.359490804563947E-00017
                  15      0.360287472876656E-00017
                  16      0.361054577969243E-00017
                  17      0.361780583601481E-00017
                  18      0.362454609313363E-00017
                  19      0.363066570140303E-00017
                  20      0.363607311252962E-00017
                  21      0.364068736921950E-00017
                  22      0.364443929162156E-00017
                  23      0.364727245424546E-00017
                  24      0.364914364177600E-00017
                  25      0.365002194591912E-00017
                  26      0.365004797637427E-00017
                  27      0.364923672694489E-00017
                  28      0.364743515437106E-00017
                  29      0.364467120113251E-00017
                  30      0.364098748606625E-00017
                  31      0.363644002766144E-00017
                  32      0.363109762425536E-00017
                  33      0.362504087475625E-00017
                  34      0.361836102490864E-00017
                  35      0.361115870236677E-00017
                  36      0.360354257619055E-00017
                  37      0.359562796363871E-00017
                  38      0.358753539687735E-00017
                  39      0.357938915763565E-00017
                  40      0.357131578890542E-00017
                  41      0.356344259527523E-00017
                  42      0.355589615844279E-00017
                  43      0.354880093556473E-00017
                  44      0.354227807163436E-00017
                  45      0.353644457040171E-00017
                  46      0.353141279014343E-00017
                  47      0.352728978997559E-00017
                  48      0.352417548523049E-00017
                  49      0.352215846436142E-00017
                  50      0.352137631064690E-00017
