                   1      0.352024296883577E-00017
                   2      0.354115382014995E-00017
                   3      0.355794195746989E-00017
                   4      0.357644850587514E-00017
                   5      0.359528489773835E-00017
                   6      0.361305260419484E-00017
                   7      0.362837392337174E-00017
                   8      0.364005123829940E-00017
                   9      0.364718345232521E-00017
                  10      0.364948047512140E-00017
                  11      0.364953665036221E-00017
                  12      0.364953668109832E-00017
                  13      0.364953379963946E-00017
                  14      0.364833656078626E-00017
                  15      0.364268439059697E-00017
                  16      0.363232435602376E-00017
                  17      0.361802160314363E-00017
                  18      0.360089199486582E-00017
                  19      0.358226908215780E-00017
                  20      0.356366567334379E-00017
                  21      0.354673828010287E-00017
                  22      0.353001119969868E-00017
                  23      0.353949345305791E-00017
                  24      0.356058227299235E-00017
                  25      0.357484779646711E-00017
                  26      0.357638635437690E-00017
                  27      0.358199020681167E-00017
                  28      0.359031895481193E-00017
                  29      0.360133562486357E-00017
                  30      0.361418410347285E-00017
                  31      0.362794791121969E-00017
                  32      0.364184277300855E-00017
                  33      0.365522351146618E-00017
                  34      0.366759594113022E-00017
                  35      0.367861292283149E-00017
                  36      0.368804881803586E-00017
                  37      0.369576383080126E-00017
                  38      0.370167555590297E-00017
                  39      0.370574823016137E-00017
                  40      0.370799878822727E-00017
                  41      0.370851173473862E-00017
                  42      0.370743846471805E-00017
                  43      0.370179861731131E-00017
                  44      0.369779712089499E-00017
                  45      0.367415979729880E-00017
                  46      0.363905900424379E-00017
                  47      0.360339521520457E-00017
                  48      0.357222980493005E-00017
                  49      0.354744122483229E-00017
                  50      0.352137631035377E-00017
