                   1      0.352137631093083E-00017
                   2      0.353940623665769E-00017
                   3      0.355539632721956E-00017
                   4      0.357342392792289E-00017
                   5      0.359204408076542E-00017
                   6      0.360992754875982E-00017
                   7      0.362571752470986E-00017
                   8      0.363821262207194E-00017
                   9      0.364646824281766E-00017
                  10      0.364996906314607E-00017
                  11      0.365023338914985E-00017
                  12      0.365023379475221E-00017
                  13      0.365023377521680E-00017
                  14      0.364893721954955E-00017
                  15      0.364322724255997E-00017
                  16      0.363293368320225E-00017
                  17      0.361878956820891E-00017
                  18      0.360186512394582E-00017
                  19      0.358345596404203E-00017
                  20      0.356504493153006E-00017
                  21      0.354800535070574E-00017
                  22      0.353187000570908E-00017
                  23      0.352983029038237E-00017
                  24      0.355014240103372E-00017
                  25      0.356723670168834E-00017
                  26      0.357735225003894E-00017
                  27      0.358198974550405E-00017
                  28      0.359091986949251E-00017
                  29      0.360176572136567E-00017
                  30      0.361432285414601E-00017
                  31      0.362776641787624E-00017
                  32      0.364134307881204E-00017
                  33      0.365443022791024E-00017
                  34      0.366654914842132E-00017
                  35      0.367736050852273E-00017
                  36      0.368663874295386E-00017
                  37      0.369423801664141E-00017
                  38      0.370006705045918E-00017
                  39      0.370408193458628E-00017
                  40      0.370629441838225E-00017
                  41      0.370678656060731E-00017
                  42      0.370577976463015E-00017
                  43      0.370063565471600E-00017
                  44      0.368975499821598E-00017
                  45      0.366345964662243E-00017
                  46      0.362908666791710E-00017
                  47      0.359496784537534E-00017
                  48      0.356552874475961E-00017
                  49      0.354256291441380E-00017
                  50      0.352024296785712E-00017
