                   1      0.352175718735240E-00017
                   2      0.353747971291815E-00017
                   3      0.355196283033571E-00017
                   4      0.356863343287226E-00017
                   5      0.358626128612715E-00017
                   6      0.360356546080739E-00017
                   7      0.361942569707522E-00017
                   8      0.363277826266342E-00017
                   9      0.364274151995045E-00017
                  10      0.364866531631359E-00017
                  11      0.365035133455486E-00017
                  12      0.365043862959960E-00017
                  13      0.365044906612598E-00017
                  14      0.365037641606206E-00017
                  15      0.364919574853289E-00017
                  16      0.364410673817171E-00017
                  17      0.363490115179464E-00017
                  18      0.362209754452814E-00017
                  19      0.360645743792614E-00017
                  20      0.358893601038110E-00017
                  21      0.357019905153123E-00017
                  22      0.355221260832849E-00017
                  23      0.353269732224482E-00017
                  24      0.353973789285830E-00017
                  25      0.355649619336505E-00017
                  26      0.357736102978175E-00017
                  27      0.360022036038043E-00017
                  28      0.362461751868571E-00017
                  29      0.365027202957782E-00017
                  30      0.367648094453198E-00017
                  31      0.370227683230216E-00017
                  32      0.372670749494729E-00017
                  33      0.374902884587436E-00017
                  34      0.376869566601183E-00017
                  35      0.378533180725710E-00017
                  36      0.379867415655321E-00017
                  37      0.380845302100512E-00017
                  38      0.381420403689507E-00017
                  39      0.381591082353285E-00017
                  40      0.381594010116652E-00017
                  41      0.379344877889929E-00017
                  42      0.376433933084321E-00017
                  43      0.373039140925783E-00017
                  44      0.369338564628997E-00017
                  45      0.365570832153493E-00017
                  46      0.361981565980127E-00017
                  47      0.358768748089559E-00017
                  48      0.356077902117514E-00017
                  49      0.353999661721241E-00017
                  50      0.352064062522341E-00017
