                   1      0.352064062545239E-00017
                   2      0.354185220544950E-00017
                   3      0.355870587353688E-00017
                   4      0.357719853109688E-00017
                   5      0.359601959914498E-00017
                   6      0.361372052595564E-00017
                   7      0.362892144229050E-00017
                   8      0.364043004346225E-00017
                   9      0.364735494547157E-00017
                  10      0.364948569389825E-00017
                  11      0.364954150047805E-00017
                  12      0.364954163004211E-00017
                  13      0.364953728494274E-00017
                  14      0.364831546537084E-00017
                  15      0.364266178792073E-00017
                  16      0.363228997920285E-00017
                  17      0.361795957726505E-00017
                  18      0.360078608000931E-00017
                  19      0.358210770072226E-00017
                  20      0.356337331996541E-00017
                  21      0.354607161645273E-00017
                  22      0.352948405042612E-00017
                  23      0.354019316046031E-00017
                  24      0.356071902831181E-00017
                  25      0.357461972312274E-00017
                  26      0.357607135456390E-00017
                  27      0.358170534285354E-00017
                  28      0.359015604389677E-00017
                  29      0.360138943756806E-00017
                  30      0.361444800442943E-00017
                  31      0.362838717623671E-00017
                  32      0.364241763967249E-00017
                  33      0.365589718166690E-00017
                  34      0.366833796402976E-00017
                  35      0.367939852711038E-00017
                  36      0.368885622661857E-00017
                  37      0.369657189795840E-00017
                  38      0.370246302624931E-00017
                  39      0.370649449426156E-00017
                  40      0.370868525665858E-00017
                  41      0.370912300066759E-00017
                  42      0.370798079089767E-00017
                  43      0.370189763823934E-00017
                  44      0.369952604275097E-00017
                  45      0.367663702382297E-00017
                  46      0.364084112655148E-00017
                  47      0.360465584160164E-00017
                  48      0.357319075928652E-00017
                  49      0.354816561938511E-00017
                  50      0.352137631225429E-00017
