                   1      0.352137631001893E-00017
                   2      0.354046351367827E-00017
                   3      0.355661525737011E-00017
                   4      0.357473765582686E-00017
                   5      0.359357671910792E-00017
                   6      0.361162392322720E-00017
                   7      0.362741825031560E-00017
                   8      0.363967956986676E-00017
                   9      0.364742211300276E-00017
                  10      0.365008858505402E-00017
                  11      0.365011032971579E-00017
                  12      0.365011025523154E-00017
                  13      0.365010199617674E-00017
                  14      0.364789738719029E-00017
                  15      0.364064023342661E-00017
                  16      0.362877082950139E-00017
                  17      0.361323335437693E-00017
                  18      0.359527512523407E-00017
                  19      0.357634377918265E-00017
                  20      0.355797954544874E-00017
                  21      0.354152995336593E-00017
                  22      0.352690689936076E-00017
                  23      0.354056310262709E-00017
                  24      0.355424963996162E-00017
                  25      0.355590892608425E-00017
                  26      0.355936272412737E-00017
                  27      0.356690025578674E-00017
                  28      0.357969194154534E-00017
                  29      0.359565751166229E-00017
                  30      0.361360686269495E-00017
                  31      0.363253718396593E-00017
                  32      0.365154698147599E-00017
                  33      0.366985056464875E-00017
                  34      0.368680913183280E-00017
                  35      0.370194659816257E-00017
                  36      0.371494000111595E-00017
                  37      0.372558972740540E-00017
                  38      0.373378474389624E-00017
                  39      0.373947839602846E-00017
                  40      0.374268248249863E-00017
                  41      0.374349275387826E-00017
                  42      0.373967207655348E-00017
                  43      0.373964153087817E-00017
                  44      0.371262603562540E-00017
                  45      0.367378138277146E-00017
                  46      0.363399469549870E-00017
                  47      0.359769678418766E-00017
                  48      0.356738401374420E-00017
                  49      0.354397585352292E-00017
                  50      0.352064062620077E-00017
