                   1      0.352175718650472E-00017
                   2      0.352254021021652E-00017
                   3      0.352456030056369E-00017
                   4      0.352767741942924E-00017
                   5      0.353180297631216E-00017
                   6      0.353683720047304E-00017
                   7      0.354267338854091E-00017
                   8      0.354919963305302E-00017
                   9      0.355629932059112E-00017
                  10      0.356385155938232E-00017
                  11      0.357173200780611E-00017
                  12      0.357981409626577E-00017
                  13      0.358797047019305E-00017
                  14      0.359607450025390E-00017
                  15      0.360400177642930E-00017
                  16      0.361163157640895E-00017
                  17      0.361884833324614E-00017
                  18      0.362554310451250E-00017
                  19      0.363161501124276E-00017
                  20      0.363697260970024E-00017
                  21      0.364153516114030E-00017
                  22      0.364523375056775E-00017
                  23      0.364801217190205E-00017
                  24      0.364982729303734E-00017
                  25      0.365064881575143E-00017
                  26      0.365063152844705E-00017
                  27      0.364976255939841E-00017
                  28      0.364790169997660E-00017
                  29      0.364507732921410E-00017
                  30      0.364133218677012E-00017
                  31      0.363672245497211E-00017
                  32      0.363131714477284E-00017
                  33      0.362519710654742E-00017
                  34      0.361845386285148E-00017
                  35      0.361118832567494E-00017
                  36      0.360350943197306E-00017
                  37      0.359553273530571E-00017
                  38      0.358737898501957E-00017
                  39      0.357917269747944E-00017
                  40      0.357104070180939E-00017
                  41      0.356311064557036E-00017
                  42      0.355550947657451E-00017
                  43      0.354836198013780E-00017
                  44      0.354178953288989E-00017
                  45      0.353590923576709E-00017
                  46      0.353083342146679E-00017
                  47      0.352666904233465E-00017
                  48      0.352351589062089E-00017
                  49      0.352146208978295E-00017
                  50      0.352064062402535E-00017
