                   1      0.352064062447183E-00017
                   2      0.352669497332362E-00017
                   3      0.354281355543759E-00017
                   4      0.356561023056747E-00017
                   5      0.359123945588902E-00017
                   6      0.361573509737797E-00017
                   7      0.363543566610453E-00017
                   8      0.364742667340649E-00017
                   9      0.365000434161901E-00017
                  10      0.364295303727807E-00017
                  11      0.362710182631295E-00017
                  12      0.360480752522414E-00017
                  13      0.357947946379552E-00017
                  14      0.355556551426570E-00017
                  15      0.353910828205109E-00017
                  16      0.353949247283184E-00017
                  17      0.356180613529107E-00017
                  18      0.359937759158861E-00017
                  19      0.364677765666534E-00017
                  20      0.369963432235692E-00017
                  21      0.375360499686614E-00017
                  22      0.380442588798625E-00017
                  23      0.384817833108035E-00017
                  24      0.388156994840960E-00017
                  25      0.390189600045872E-00017
                  26      0.390000774395571E-00017
                  27      0.385176957220358E-00017
                  28      0.378827811844185E-00017
                  29      0.372129452090948E-00017
                  30      0.365847745408044E-00017
                  31      0.360469041835083E-00017
                  32      0.356306162923783E-00017
                  33      0.353532051681778E-00017
                  34      0.352186334351862E-00017
                  35      0.352198704593198E-00017
                  36      0.353362842723369E-00017
                  37      0.355363119380519E-00017
                  38      0.357835086039306E-00017
                  39      0.360382812317414E-00017
                  40      0.362619919775180E-00017
                  41      0.364213915802630E-00017
                  42      0.364929476471350E-00017
                  43      0.364683465093230E-00017
                  44      0.363499041288991E-00017
                  45      0.361546335629361E-00017
                  46      0.359114768421886E-00017
                  47      0.356565167323673E-00017
                  48      0.354288719344956E-00017
                  49      0.352671378775603E-00017
                  50      0.352064062477142E-00017
