                   1      0.352064062491665E-00017
                   2      0.352355355358905E-00017
                   3      0.353147097129853E-00017
                   4      0.354340561632201E-00017
                   5      0.355827397751474E-00017
                   6      0.357492590227796E-00017
                   7      0.359221022060202E-00017
                   8      0.360894661845647E-00017
                   9      0.362400684493505E-00017
                  10      0.363638169628900E-00017
                  11      0.364524468684889E-00017
                  12      0.365000653809559E-00017
                  13      0.365048500166799E-00017
                  14      0.364670525515149E-00017
                  15      0.363878802265979E-00017
                  16      0.362750040196747E-00017
                  17      0.361394866560248E-00017
                  18      0.359959355737028E-00017
                  19      0.358585975079510E-00017
                  20      0.357332814922273E-00017
                  21      0.356256002305342E-00017
                  22      0.357453991519221E-00017
                  23      0.359660742631916E-00017
                  24      0.362406486117295E-00017
                  25      0.365878007317105E-00017
                  26      0.369736873417004E-00017
                  27      0.373824057985417E-00017
                  28      0.377991055710047E-00017
                  29      0.382082311700044E-00017
                  30      0.385945500374731E-00017
                  31      0.389439605169969E-00017
                  32      0.392439741332344E-00017
                  33      0.394839737944979E-00017
                  34      0.396555957376501E-00017
                  35      0.397436406100266E-00017
                  36      0.395808929527960E-00017
                  37      0.392914032907373E-00017
                  38      0.389200199422046E-00017
                  39      0.384962018046534E-00017
                  40      0.380439685819098E-00017
                  41      0.375840899901768E-00017
                  42      0.371343918176109E-00017
                  43      0.367100650070981E-00017
                  44      0.363238608719645E-00017
                  45      0.359860687741365E-00017
                  46      0.357043595604980E-00017
                  47      0.354834953787265E-00017
                  48      0.353262894849504E-00017
                  49      0.352331511628558E-00017
                  50      0.352024296906873E-00017
