                   1      0.352137630947836E-00017
                   2      0.352217838154238E-00017
                   3      0.352422207397851E-00017
                   4      0.352736731969744E-00017
                   5      0.353152425586839E-00017
                   6      0.353659223124270E-00017
                   7      0.354246472816517E-00017
                   8      0.354903050989988E-00017
                   9      0.355617347229444E-00017
                  10      0.356377281603038E-00017
                  11      0.357170390094012E-00017
                  12      0.357983955672394E-00017
                  13      0.358805161536473E-00017
                  14      0.359621256007143E-00017
                  15      0.360419721823984E-00017
                  16      0.361188438832329E-00017
                  17      0.361915829725674E-00017
                  18      0.362590989231366E-00017
                  19      0.363203808351541E-00017
                  20      0.363745103001620E-00017
                  21      0.364206744113736E-00017
                  22      0.364581779560819E-00017
                  23      0.364864538473819E-00017
                  24      0.365050694384616E-00017
                  25      0.365137188928116E-00017
                  26      0.365138164333562E-00017
                  27      0.365054694817053E-00017
                  28      0.364871700787474E-00017
                  29      0.364592100678470E-00017
                  30      0.364220168710506E-00017
                  31      0.363761521273459E-00017
                  32      0.363223061985104E-00017
                  33      0.362612887294309E-00017
                  34      0.361940169443088E-00017
                  35      0.361215025168870E-00017
                  36      0.360448376948855E-00017
                  37      0.359651811393390E-00017
                  38      0.358837436456469E-00017
                  39      0.358017737004806E-00017
                  40      0.357205428077972E-00017
                  41      0.356413305521938E-00017
                  42      0.355654093652076E-00017
                  43      0.354940292924725E-00017
                  44      0.354284041880403E-00017
                  45      0.353697020893607E-00017
                  46      0.353190416910383E-00017
                  47      0.352774910274059E-00017
                  48      0.352460538453572E-00017
                  49      0.352256211682664E-00017
                  50      0.352175718740518E-00017
