                   1      0.352137631055633E-00017
                   2      0.356537594309685E-00017
                   3      0.358451185086478E-00017
                   4      0.360280564308691E-00017
                   5      0.361919129853107E-00017
                   6      0.363265550885096E-00017
                   7      0.364247681023317E-00017
                   8      0.364813506221664E-00017
                   9      0.365007531059830E-00017
                  10      0.365032458008635E-00017
                  11      0.365034257626933E-00017
                  12      0.365034527267635E-00017
                  13      0.365034697842094E-00017
                  14      0.365034920858655E-00017
                  15      0.365032628851294E-00017
                  16      0.364971812427901E-00017
                  17      0.364649648476735E-00017
                  18      0.363923818474829E-00017
                  19      0.362785466135619E-00017
                  20      0.361153147449632E-00017
                  21      0.359024278148206E-00017
                  22      0.354233002560636E-00017
                  23      0.357180155019233E-00017
                  24      0.360958945606394E-00017
                  25      0.364365927140822E-00017
                  26      0.367849605429132E-00017
                  27      0.371306506245532E-00017
                  28      0.374650736605512E-00017
                  29      0.377774830343339E-00017
                  30      0.380588550568719E-00017
                  31      0.383022610498258E-00017
                  32      0.385038527673343E-00017
                  33      0.386630559485634E-00017
                  34      0.387821597363799E-00017
                  35      0.388653558141340E-00017
                  36      0.389174217465199E-00017
                  37      0.389351498960507E-00017
                  38      0.389208199827225E-00017
                  39      0.389265073682996E-00017
                  40      0.389265261833544E-00017
                  41      0.388608262544173E-00017
                  42      0.386437014673881E-00017
                  43      0.383125264285758E-00017
                  44      0.379050894768181E-00017
                  45      0.374608379969405E-00017
                  46      0.370135539724882E-00017
                  47      0.365855126945457E-00017
                  48      0.361931522727855E-00017
                  49      0.358455383676383E-00017
                  50      0.352175718701100E-00017
