                   1      0.352064062471599E-00017
                   2      0.352140198368167E-00017
                   3      0.352340551562972E-00017
                   4      0.352650735955656E-00017
                   5      0.353061894706485E-00017
                   6      0.353564035049050E-00017
                   7      0.354146488844977E-00017
                   8      0.354798073881358E-00017
                   9      0.355507132335454E-00017
                  10      0.356261570906424E-00017
                  11      0.357048949645374E-00017
                  12      0.357856613364585E-00017
                  13      0.358671837680778E-00017
                  14      0.359481970878585E-00017
                  15      0.360274573465668E-00017
                  16      0.361037565365430E-00017
                  17      0.361759382059645E-00017
                  18      0.362429130048292E-00017
                  19      0.363036730973639E-00017
                  20      0.363573051143829E-00017
                  21      0.364030019727291E-00017
                  22      0.364400738616619E-00017
                  23      0.364679578737255E-00017
                  24      0.364862230882960E-00017
                  25      0.364945596868224E-00017
                  26      0.364944897389317E-00017
                  27      0.364859236016556E-00017
                  28      0.364674573790878E-00017
                  29      0.364393765533117E-00017
                  30      0.364021074065676E-00017
                  31      0.363562109279200E-00017
                  32      0.363023766811672E-00017
                  33      0.362414131296285E-00017
                  34      0.361742359260303E-00017
                  35      0.361018547536106E-00017
                  36      0.360253593199653E-00017
                  37      0.359459050698426E-00017
                  38      0.358646988868196E-00017
                  39      0.357829847758911E-00017
                  40      0.357020294817548E-00017
                  41      0.356231080572870E-00017
                  42      0.355474893743532E-00017
                  43      0.354764217084037E-00017
                  44      0.354111193093752E-00017
                  45      0.353527520317378E-00017
                  46      0.353024397140867E-00017
                  47      0.352612483966614E-00017
                  48      0.352301767108781E-00017
                  49      0.352101127692648E-00017
                  50      0.352024296631900E-00017
