                   1      0.352024296834336E-00017
                   2      0.353877727922874E-00017
                   3      0.355489114906096E-00017
                   4      0.357303317361633E-00017
                   5      0.359179204201910E-00017
                   6      0.360980123284728E-00017
                   7      0.362568510598056E-00017
                   8      0.363822633700509E-00017
                   9      0.364647302248413E-00017
                  10      0.364990901577012E-00017
                  11      0.365011955256605E-00017
                  12      0.365011959742761E-00017
                  13      0.365011927660635E-00017
                  14      0.364876202362768E-00017
                  15      0.364286572714409E-00017
                  16      0.363236600646717E-00017
                  17      0.361803579930988E-00017
                  18      0.360097918754206E-00017
                  19      0.358252230901811E-00017
                  20      0.356418790909192E-00017
                  21      0.354744423566192E-00017
                  22      0.353184200852479E-00017
                  23      0.353381451244086E-00017
                  24      0.355348879916800E-00017
                  25      0.357034098663594E-00017
                  26      0.357835742641355E-00017
                  27      0.358270369312534E-00017
                  28      0.359117956755897E-00017
                  29      0.360197278353627E-00017
                  30      0.361455889580000E-00017
                  31      0.362805975473026E-00017
                  32      0.364171183851429E-00017
                  33      0.365488395540086E-00017
                  34      0.366708842870126E-00017
                  35      0.367797644479865E-00017
                  36      0.368731341486591E-00017
                  37      0.369494625054078E-00017
                  38      0.370077908701219E-00017
                  39      0.370476635263387E-00017
                  40      0.370692092022680E-00017
                  41      0.370732889001083E-00017
                  42      0.370618404117719E-00017
                  43      0.370030299496085E-00017
                  44      0.369195103739252E-00017
                  45      0.366563099446589E-00017
                  46      0.363072919185735E-00017
                  47      0.359623308076415E-00017
                  48      0.356655996639837E-00017
                  49      0.354340841840094E-00017
                  50      0.352064062324731E-00017
