                   1      0.352024296893919E-00017
                   2      0.352329992021857E-00017
                   3      0.353166640740615E-00017
                   4      0.354426477888037E-00017
                   5      0.355990995918507E-00017
                   6      0.357733779226450E-00017
                   7      0.359522972860348E-00017
                   8      0.361226848953326E-00017
                   9      0.362721907008014E-00017
                  10      0.363900928712909E-00017
                  11      0.364679677187271E-00017
                  12      0.365002799411512E-00017
                  13      0.364883486716947E-00017
                  14      0.364305320003509E-00017
                  15      0.363299301743809E-00017
                  16      0.361937720880417E-00017
                  17      0.360319319947371E-00017
                  18      0.358563854052710E-00017
                  19      0.356804916914106E-00017
                  20      0.355184750467349E-00017
                  21      0.353839681311882E-00017
                  22      0.353142610127420E-00017
                  23      0.353743314585595E-00017
                  24      0.354965276856465E-00017
                  25      0.356908188191410E-00017
                  26      0.359401899061004E-00017
                  27      0.362373307758776E-00017
                  28      0.365711098855269E-00017
                  29      0.369267034165893E-00017
                  30      0.372883721492018E-00017
                  31      0.376421095552410E-00017
                  32      0.379748216680080E-00017
                  33      0.382744105586724E-00017
                  34      0.385303197175103E-00017
                  35      0.387339741198754E-00017
                  36      0.388790590648618E-00017
                  37      0.389611045733593E-00017
                  38      0.389690065431563E-00017
                  39      0.386334910937673E-00017
                  40      0.382082626141120E-00017
                  41      0.377435882398229E-00017
                  42      0.372753467818845E-00017
                  43      0.368275324075451E-00017
                  44      0.364169309096557E-00017
                  45      0.360561089408879E-00017
                  46      0.357543915276569E-00017
                  47      0.355179333299739E-00017
                  48      0.353497944519773E-00017
                  49      0.352503507200034E-00017
                  50      0.352175718698364E-00017
