                   1      0.352024296879163E-00017
                   2      0.352629928395955E-00017
                   3      0.354242862740505E-00017
                   4      0.356519706124787E-00017
                   5      0.359075980542155E-00017
                   6      0.361517407531988E-00017
                   7      0.363480635941862E-00017
                   8      0.364676845633232E-00017
                   9      0.364937996498419E-00017
                  10      0.364243428780499E-00017
                  11      0.362671956958740E-00017
                  12      0.360454070074000E-00017
                  13      0.357918613870330E-00017
                  14      0.355450134685310E-00017
                  15      0.353449197023744E-00017
                  16      0.352306338417406E-00017
                  17      0.352409136867118E-00017
                  18      0.353794162396010E-00017
                  19      0.356088252602535E-00017
                  20      0.358568642945668E-00017
                  21      0.360939985663814E-00017
                  22      0.363363780123798E-00017
                  23      0.365809574294760E-00017
                  24      0.368114810000039E-00017
                  25      0.370107032426616E-00017
                  26      0.371650549561612E-00017
                  27      0.372658508067335E-00017
                  28      0.373025875081334E-00017
                  29      0.370185143638261E-00017
                  30      0.365260248217217E-00017
                  31      0.360374836786519E-00017
                  32      0.356369649454696E-00017
                  33      0.353642906038587E-00017
                  34      0.352314509188629E-00017
                  35      0.352335430409232E-00017
                  36      0.353510124648904E-00017
                  37      0.355514675629383E-00017
                  38      0.357981656681530E-00017
                  39      0.360515728357670E-00017
                  40      0.362732827111768E-00017
                  41      0.364303962312880E-00017
                  42      0.364999150517343E-00017
                  43      0.364741759028068E-00017
                  44      0.363553553038650E-00017
                  45      0.361599078233133E-00017
                  46      0.359160055051973E-00017
                  47      0.356593243728824E-00017
                  48      0.354292048979168E-00017
                  49      0.352649307579943E-00017
                  50      0.352024296919452E-00017
