                   1      0.352137631011180E-00017
                   2      0.352215892155842E-00017
                   3      0.352417863984801E-00017
                   4      0.352729477862419E-00017
                   5      0.353141882800928E-00017
                   6      0.353645113428961E-00017
                   7      0.354228487794490E-00017
                   8      0.354880783050200E-00017
                   9      0.355590300079105E-00017
                  10      0.356344920256559E-00017
                  11      0.357132194904315E-00017
                  12      0.357939466815099E-00017
                  13      0.358754009995314E-00017
                  14      0.359563177362932E-00017
                  15      0.360354551027805E-00017
                  16      0.361116090282334E-00017
                  17      0.361836273500076E-00017
                  18      0.362504235038275E-00017
                  19      0.363109902560867E-00017
                  20      0.363644137343812E-00017
                  21      0.364098871128054E-00017
                  22      0.364467225691442E-00017
                  23      0.364743600868090E-00017
                  24      0.364923704783363E-00017
                  25      0.365004550983203E-00017
                  26      0.365001889283545E-00017
                  27      0.364913852022874E-00017
                  28      0.364726786420258E-00017
                  29      0.364443563623048E-00017
                  30      0.364068476846434E-00017
                  31      0.363607150458031E-00017
                  32      0.363066482516896E-00017
                  33      0.362454550996196E-00017
                  34      0.361780500840947E-00017
                  35      0.361054417710197E-00017
                  36      0.360287192498199E-00017
                  37      0.359490379778052E-00017
                  38      0.358676052241090E-00017
                  39      0.357856652687548E-00017
                  40      0.357044845081006E-00017
                  41      0.356253366278913E-00017
                  42      0.355494881081018E-00017
                  43      0.354781846523485E-00017
                  44      0.354126395752851E-00017
                  45      0.353540251123579E-00017
                  46      0.353034660687988E-00017
                  47      0.352620317318065E-00017
                  48      0.352307169862020E-00017
                  49      0.352103994162054E-00017
                  50      0.352024296890437E-00017
