                   1      0.352175718800925E-00017
                   2      0.354105211181835E-00017
                   3      0.355736677300579E-00017
                   4      0.357560240509903E-00017
                   5      0.359444679910925E-00017
                   6      0.361243890744630E-00017
                   7      0.362815030570154E-00017
                   8      0.364032705421100E-00017
                   9      0.364799884521335E-00017
                  10      0.365067140168171E-00017
                  11      0.365072363723015E-00017
                  12      0.365072362933316E-00017
                  13      0.365071261594134E-00017
                  14      0.364882906537079E-00017
                  15      0.364204360002993E-00017
                  16      0.363061032443087E-00017
                  17      0.361542186980885E-00017
                  18      0.359768165675856E-00017
                  19      0.357879755020392E-00017
                  20      0.356026275414660E-00017
                  21      0.354357712692110E-00017
                  22      0.352853193558383E-00017
                  23      0.353917803673809E-00017
                  24      0.355274776105118E-00017
                  25      0.355490501184271E-00017
                  26      0.356005265993315E-00017
                  27      0.356988559192125E-00017
                  28      0.358376724756844E-00017
                  29      0.360049102484502E-00017
                  30      0.361896038963015E-00017
                  31      0.363821136733711E-00017
                  32      0.365737249781933E-00017
                  33      0.367568863459151E-00017
                  34      0.369254927587285E-00017
                  35      0.370749924845968E-00017
                  36      0.372022667482710E-00017
                  37      0.373053529201787E-00017
                  38      0.373831480385286E-00017
                  39      0.374352162459073E-00017
                  40      0.374617513628470E-00017
                  41      0.374637519187233E-00017
                  42      0.374178481825605E-00017
                  43      0.374167767981082E-00017
                  44      0.371610916212307E-00017
                  45      0.367621352477220E-00017
                  46      0.363580408742550E-00017
                  47      0.359921766164914E-00017
                  48      0.356865916016116E-00017
                  49      0.354495999574516E-00017
                  50      0.352137630956887E-00017
