                   1      0.352137631004375E-00017
                   2      0.352214803356922E-00017
                   3      0.352416342441797E-00017
                   4      0.352727543083154E-00017
                   5      0.353139549850742E-00017
                   6      0.353642411656534E-00017
                   7      0.354225519125975E-00017
                   8      0.354877732451259E-00017
                   9      0.355587395786130E-00017
                  10      0.356342380442511E-00017
                  11      0.357130191490217E-00017
                  12      0.357938116515075E-00017
                  13      0.358753387169628E-00017
                  14      0.359563335208704E-00017
                  15      0.360355537252355E-00017
                  16      0.361117951375918E-00017
                  17      0.361839051852241E-00017
                  18      0.362507966740826E-00017
                  19      0.363114619288210E-00017
                  20      0.363649869264000E-00017
                  21      0.364105645616526E-00017
                  22      0.364475060925823E-00017
                  23      0.364752499485867E-00017
                  24      0.364933648849516E-00017
                  25      0.365015357798369E-00017
                  26      0.365013840000727E-00017
                  27      0.364926615409266E-00017
                  28      0.364740406713159E-00017
                  29      0.364458023252373E-00017
                  30      0.364083730671026E-00017
                  31      0.363623146243994E-00017
                  32      0.363083175531925E-00017
                  33      0.362471914745129E-00017
                  34      0.361798533644364E-00017
                  35      0.361073145343932E-00017
                  36      0.360306666534034E-00017
                  37      0.359510671417378E-00017
                  38      0.358697243669448E-00017
                  39      0.357878829472408E-00017
                  40      0.357068095523642E-00017
                  41      0.356277786552775E-00017
                  42      0.355520581552584E-00017
                  43      0.354808950094461E-00017
                  44      0.354155022435316E-00017
                  45      0.353570494769479E-00017
                  46      0.353066578575437E-00017
                  47      0.352653955748390E-00017
                  48      0.352342625552778E-00017
                  49      0.352141482525170E-00017
                  50      0.352064062265074E-00017
