                   1      0.352175718716831E-00017
                   2      0.353054082866197E-00017
                   3      0.354858390031134E-00017
                   4      0.357235923583509E-00017
                   5      0.359795259195491E-00017
                   6      0.362144778724815E-00017
                   7      0.363934996282661E-00017
                   8      0.364907888801554E-00017
                   9      0.365070191670139E-00017
                  10      0.364565531305885E-00017
                  11      0.363183934896628E-00017
                  12      0.361086853235354E-00017
                  13      0.358580806354898E-00017
                  14      0.356039564359398E-00017
                  15      0.353859848836067E-00017
                  16      0.352430158506073E-00017
                  17      0.352562909169111E-00017
                  18      0.354180759557116E-00017
                  19      0.356477321987376E-00017
                  20      0.358896737185111E-00017
                  21      0.361269839868745E-00017
                  22      0.363689681097489E-00017
                  23      0.366094961418775E-00017
                  24      0.368326510054637E-00017
                  25      0.370230504719107E-00017
                  26      0.371692267305067E-00017
                  27      0.372636306672475E-00017
                  28      0.372958852585550E-00017
                  29      0.370351388069457E-00017
                  30      0.365983664497253E-00017
                  31      0.361185765407437E-00017
                  32      0.357021528893764E-00017
                  33      0.354017692461140E-00017
                  34      0.352376915383677E-00017
                  35      0.352478982197592E-00017
                  36      0.353945549340110E-00017
                  37      0.356134979075000E-00017
                  38      0.358677521745630E-00017
                  39      0.361180184607480E-00017
                  40      0.363270230239851E-00017
                  41      0.364642674729309E-00017
                  42      0.365145537178713E-00017
                  43      0.364969924747044E-00017
                  44      0.363979449913086E-00017
                  45      0.362183061667194E-00017
                  46      0.359829919003651E-00017
                  47      0.357262535961344E-00017
                  48      0.354870757037749E-00017
                  49      0.353052720498414E-00017
                  50      0.352175718797334E-00017
