                   1      0.352064062501959E-00017
                   2      0.352146477564480E-00017
                   3      0.352352318229241E-00017
                   4      0.352667988472820E-00017
                   5      0.353084656574124E-00017
                   6      0.353592343119316E-00017
                   7      0.354180377624661E-00017
                   8      0.354837558586424E-00017
                   9      0.355552198099536E-00017
                  10      0.356312169659722E-00017
                  11      0.357105001617949E-00017
                  12      0.357918008333898E-00017
                  13      0.358738440770608E-00017
                  14      0.359553637821129E-00017
                  15      0.360351169613865E-00017
                  16      0.361118974366770E-00017
                  17      0.361845495716804E-00017
                  18      0.362519825511818E-00017
                  19      0.363131851708670E-00017
                  20      0.363672405843885E-00017
                  21      0.364133400476708E-00017
                  22      0.364507945839349E-00017
                  23      0.364790436244652E-00017
                  24      0.364976580654952E-00017
                  25      0.365063290147263E-00017
                  26      0.365065085307840E-00017
                  27      0.364982700444342E-00017
                  28      0.364801217273507E-00017
                  29      0.364523433534228E-00017
                  30      0.364153620370414E-00017
                  31      0.363697389099742E-00017
                  32      0.363161630404920E-00017
                  33      0.362554419151315E-00017
                  34      0.361884900251912E-00017
                  35      0.361163160986753E-00017
                  36      0.360400093786639E-00017
                  37      0.359607253433238E-00017
                  38      0.358796711916711E-00017
                  39      0.357980912586222E-00017
                  40      0.357172523451225E-00017
                  41      0.356384288809862E-00017
                  42      0.355628880268665E-00017
                  43      0.354918753705053E-00017
                  44      0.354266026341662E-00017
                  45      0.353682390255691E-00017
                  46      0.353179061463713E-00017
                  47      0.352766719336560E-00017
                  48      0.352455331318229E-00017
                  49      0.352253744410173E-00017
                  50      0.352175718702327E-00017
