                   1      0.352024296833008E-00017
                   2      0.352101601374700E-00017
                   3      0.352303010050711E-00017
                   4      0.352614229634953E-00017
                   5      0.353026308522629E-00017
                   6      0.353529270916349E-00017
                   7      0.354112591461712E-00017
                   8      0.354765237732182E-00017
                   9      0.355475621975289E-00017
                  10      0.356231637376511E-00017
                  11      0.357020788431516E-00017
                  12      0.357830354628564E-00017
                  13      0.358647547107211E-00017
                  14      0.359459658082178E-00017
                  15      0.360254214686955E-00017
                  16      0.361019135222362E-00017
                  17      0.361742876374043E-00017
                  18      0.362414567484964E-00017
                  19      0.363024138543930E-00017
                  20      0.363562448659122E-00017
                  21      0.364021414661652E-00017
                  22      0.364394133556979E-00017
                  23      0.364674987653656E-00017
                  24      0.364859706367435E-00017
                  25      0.364945293125294E-00017
                  26      0.364945906253581E-00017
                  27      0.364862343094441E-00017
                  28      0.364679700150642E-00017
                  29      0.364400910059400E-00017
                  30      0.364030234604597E-00017
                  31      0.363573280341629E-00017
                  32      0.363036938250826E-00017
                  33      0.362429288648917E-00017
                  34      0.361759485609990E-00017
                  35      0.361037625151600E-00017
                  36      0.360274602605658E-00017
                  37      0.359481966568356E-00017
                  38      0.358671775586279E-00017
                  39      0.357856458689068E-00017
                  40      0.357048676476668E-00017
                  41      0.356261178771225E-00017
                  42      0.355506655733189E-00017
                  43      0.354797582736508E-00017
                  44      0.354146072024648E-00017
                  45      0.353563762931816E-00017
                  46      0.353061780649130E-00017
                  47      0.352650736401521E-00017
                  48      0.352340622068564E-00017
                  49      0.352140340542382E-00017
                  50      0.352064062443066E-00017
