                   1      0.352175718726584E-00017
                   2      0.353940284846941E-00017
                   3      0.355477782580891E-00017
                   4      0.357219638244782E-00017
                   5      0.359028643337009E-00017
                   6      0.360780046159632E-00017
                   7      0.362352021907359E-00017
                   8      0.363637225386668E-00017
                   9      0.364546577159390E-00017
                  10      0.365010653940766E-00017
                  11      0.365112224794367E-00017
                  12      0.365128008179552E-00017
                  13      0.365147260896918E-00017
                  14      0.365106596442112E-00017
                  15      0.364805006804349E-00017
                  16      0.364090418424907E-00017
                  17      0.362970229559650E-00017
                  18      0.361515197699015E-00017
                  19      0.359820417350342E-00017
                  20      0.357989501748031E-00017
                  21      0.356145497560850E-00017
                  22      0.354414877737165E-00017
                  23      0.352561529113496E-00017
                  24      0.353396935062457E-00017
                  25      0.355103854359283E-00017
                  26      0.356571803237309E-00017
                  27      0.358090261983271E-00017
                  28      0.360008595361788E-00017
                  29      0.362176035098484E-00017
                  30      0.364442370498778E-00017
                  31      0.366713294750378E-00017
                  32      0.368908110238168E-00017
                  33      0.370958678492388E-00017
                  34      0.372811196839658E-00017
                  35      0.374427132450611E-00017
                  36      0.375782136880016E-00017
                  37      0.376862848534648E-00017
                  38      0.377661129770163E-00017
                  39      0.378148959810836E-00017
                  40      0.378289342159455E-00017
                  41      0.378289341962194E-00017
                  42      0.376118886527623E-00017
                  43      0.373308387989452E-00017
                  44      0.369937676415217E-00017
                  45      0.366254166329370E-00017
                  46      0.362601384430052E-00017
                  47      0.359266141370922E-00017
                  48      0.356431817490562E-00017
                  49      0.354211475015997E-00017
                  50      0.352024296926379E-00017
