                   1      0.352175718865025E-00017
                   2      0.352256321904424E-00017
                   3      0.352461055298130E-00017
                   4      0.352775747520089E-00017
                   5      0.353191446168981E-00017
                   6      0.353698113133251E-00017
                   7      0.354285109897084E-00017
                   8      0.354941289417594E-00017
                   9      0.355654985614972E-00017
                  10      0.356414060881650E-00017
                  11      0.357206019576597E-00017
                  12      0.358018146866960E-00017
                  13      0.358837655286153E-00017
                  14      0.359651839937105E-00017
                  15      0.360448234794964E-00017
                  16      0.361214758140357E-00017
                  17      0.361939847695548E-00017
                  18      0.362612593795627E-00017
                  19      0.363222874479879E-00017
                  20      0.363761492220417E-00017
                  21      0.364220310277542E-00017
                  22      0.364592382591298E-00017
                  23      0.364872064050455E-00017
                  24      0.365055071298113E-00017
                  25      0.365138390947682E-00017
                  26      0.365137223941834E-00017
                  27      0.365050536735063E-00017
                  28      0.364864343945638E-00017
                  29      0.364581590407693E-00017
                  30      0.364206567241820E-00017
                  31      0.363744918071244E-00017
                  32      0.363203574892743E-00017
                  33      0.362590663233545E-00017
                  34      0.361915387211737E-00017
                  35      0.361187893501894E-00017
                  36      0.360419122373412E-00017
                  37      0.359620661383051E-00017
                  38      0.358804608287603E-00017
                  39      0.357983436042129E-00017
                  40      0.357169851980504E-00017
                  41      0.356376650422999E-00017
                  42      0.355616559979867E-00017
                  43      0.354902087583396E-00017
                  44      0.354245372325887E-00017
                  45      0.353658079932280E-00017
                  46      0.353151366983213E-00017
                  47      0.352735885412923E-00017
                  48      0.352421674320990E-00017
                  49      0.352217689101610E-00017
                  50      0.352137631110213E-00017
