                   1      0.352137631121529E-00017
                   2      0.352770771756225E-00017
                   3      0.354406687753592E-00017
                   4      0.356696328558081E-00017
                   5      0.359252715169719E-00017
                   6      0.361680326542933E-00017
                   7      0.363616150431570E-00017
                   8      0.364773844598995E-00017
                   9      0.365005518653555E-00017
                  10      0.364308517330402E-00017
                  11      0.362732778683002E-00017
                  12      0.360506311140438E-00017
                  13      0.357958772749995E-00017
                  14      0.355476109074180E-00017
                  15      0.353460243020507E-00017
                  16      0.352302482841311E-00017
                  17      0.352430166869418E-00017
                  18      0.353858481719279E-00017
                  19      0.356164177115663E-00017
                  20      0.358614115730885E-00017
                  21      0.360960702702325E-00017
                  22      0.363374815943982E-00017
                  23      0.365812780241452E-00017
                  24      0.368108194705015E-00017
                  25      0.370089561149986E-00017
                  26      0.371622926364955E-00017
                  27      0.372622372360664E-00017
                  28      0.372980492140756E-00017
                  29      0.370269260689888E-00017
                  30      0.365391768384305E-00017
                  31      0.360473014382495E-00017
                  32      0.356406014002637E-00017
                  33      0.353612087248051E-00017
                  34      0.352222245447482E-00017
                  35      0.352223778940476E-00017
                  36      0.353415810067429E-00017
                  37      0.355439346400292E-00017
                  38      0.357925005114110E-00017
                  39      0.360476081552612E-00017
                  40      0.362707408963458E-00017
                  41      0.364289421508596E-00017
                  42      0.364995205026520E-00017
                  43      0.364774583364896E-00017
                  44      0.363632271911417E-00017
                  45      0.361713688039027E-00017
                  46      0.359297591331186E-00017
                  47      0.356740362324083E-00017
                  48      0.354436529944385E-00017
                  49      0.352780994990590E-00017
                  50      0.352137631106157E-00017
