                   1      0.352064062450130E-00017
                   2      0.353224305851113E-00017
                   3      0.354599336228450E-00017
                   4      0.356276040192634E-00017
                   5      0.358120672589588E-00017
                   6      0.359982882377962E-00017
                   7      0.361711909468402E-00017
                   8      0.363169767792645E-00017
                   9      0.364240139721865E-00017
                  10      0.364837072417205E-00017
                  11      0.364952937334915E-00017
                  12      0.364952958185989E-00017
                  13      0.364903708042707E-00017
                  14      0.364432551285862E-00017
                  15      0.363473410264475E-00017
                  16      0.362101053407622E-00017
                  17      0.360424494028229E-00017
                  18      0.358577372441819E-00017
                  19      0.356708691372029E-00017
                  20      0.354973733953786E-00017
                  21      0.353523201109949E-00017
                  22      0.352471151490566E-00017
                  23      0.353020269340808E-00017
                  24      0.353075745658962E-00017
                  25      0.353885504758171E-00017
                  26      0.355353071615519E-00017
                  27      0.357319949538484E-00017
                  28      0.359697340062016E-00017
                  29      0.362378774944606E-00017
                  30      0.365245539718530E-00017
                  31      0.368174156438945E-00017
                  32      0.371043709996320E-00017
                  33      0.373742937133613E-00017
                  34      0.376176580969669E-00017
                  35      0.378270165678419E-00017
                  36      0.379972227242847E-00017
                  37      0.381253387330366E-00017
                  38      0.382102620927534E-00017
                  39      0.382522301110197E-00017
                  40      0.382524477601554E-00017
                  41      0.381395055343782E-00017
                  42      0.378450801154583E-00017
                  43      0.374248359351377E-00017
                  44      0.369629775344362E-00017
                  45      0.365211748465751E-00017
                  46      0.361281226724224E-00017
                  47      0.357979537700756E-00017
                  48      0.355387150073644E-00017
                  49      0.353532974426883E-00017
                  50      0.352175718770493E-00017
