                   1      0.352024296940326E-00017
                   2      0.352103850423295E-00017
                   3      0.352307285313024E-00017
                   4      0.352620833271042E-00017
                   5      0.353035585354360E-00017
                   6      0.353541539232229E-00017
                   7      0.354128058171107E-00017
                   8      0.354783985277109E-00017
                   9      0.355497652354000E-00017
                  10      0.356256924483478E-00017
                  11      0.357049308593902E-00017
                  12      0.357862098551915E-00017
                  13      0.358682527221566E-00017
                  14      0.359497916000108E-00017
                  15      0.360295823162247E-00017
                  16      0.361064188987187E-00017
                  17      0.361791473571035E-00017
                  18      0.362466789229625E-00017
                  19      0.363080035058416E-00017
                  20      0.363622038120271E-00017
                  21      0.364084694216307E-00017
                  22      0.364461090895753E-00017
                  23      0.364745597571316E-00017
                  24      0.364933909133796E-00017
                  25      0.365022957616694E-00017
                  26      0.365025986386652E-00017
                  27      0.364945763562633E-00017
                  28      0.364766343547993E-00017
                  29      0.364490608537606E-00017
                  30      0.364122819375410E-00017
                  31      0.363668578718911E-00017
                  32      0.363134775269002E-00017
                  33      0.362529488822406E-00017
                  34      0.361861871610196E-00017
                  35      0.361142014120847E-00017
                  36      0.360380803809346E-00017
                  37      0.359589782994276E-00017
                  38      0.358781008183752E-00017
                  39      0.357966909635981E-00017
                  40      0.357160148850206E-00017
                  41      0.356373472296105E-00017
                  42      0.355619561207004E-00017
                  43      0.354910881477648E-00017
                  44      0.354259547377281E-00017
                  45      0.353677223664145E-00017
                  46      0.353175082910529E-00017
                  47      0.352763781565888E-00017
                  48      0.352453318509515E-00017
                  49      0.352252570206663E-00017
                  50      0.352175718726611E-00017
