                   1      0.352064062528611E-00017
                   2      0.352141622021498E-00017
                   3      0.352343103121915E-00017
                   4      0.352654678827564E-00017
                   5      0.353067466790700E-00017
                   6      0.353571476421821E-00017
                   7      0.354156036177186E-00017
                   8      0.354809952212129E-00017
                   9      0.355521549709601E-00017
                  10      0.356278715439168E-00017
                  11      0.357068987603057E-00017
                  12      0.357879686692161E-00017
                  13      0.358698062326173E-00017
                  14      0.359511439685390E-00017
                  15      0.360307364547779E-00017
                  16      0.361073750181112E-00017
                  17      0.361799028162221E-00017
                  18      0.362472295622357E-00017
                  19      0.363083457546702E-00017
                  20      0.363623361458738E-00017
                  21      0.364083922368652E-00017
                  22      0.364458235031249E-00017
                  23      0.364740669594069E-00017
                  24      0.364926930895962E-00017
                  25      0.365014030530852E-00017
                  26      0.365015532614825E-00017
                  27      0.364933546636174E-00017
                  28      0.364752403439368E-00017
                  29      0.364475025001265E-00017
                  30      0.364105671177333E-00017
                  31      0.363649938120198E-00017
                  32      0.363114704993088E-00017
                  33      0.362508037929966E-00017
                  34      0.361839074093093E-00017
                  35      0.361117892923318E-00017
                  36      0.360355378877891E-00017
                  37      0.359563079351653E-00017
                  38      0.358753060903577E-00017
                  39      0.357937765306541E-00017
                  40      0.357129864434464E-00017
                  41      0.356342111682389E-00017
                  42      0.355587189735010E-00017
                  43      0.354877560607665E-00017
                  44      0.354225333374869E-00017
                  45      0.353642172732981E-00017
                  46      0.353139259560244E-00017
                  47      0.352727260407852E-00017
                  48      0.352416170340746E-00017
                  49      0.352214839749441E-00017
                  50      0.352137631058036E-00017
