                   1      0.138733109659469E-00016
                   2      0.138755165104521E-00016
                   3      0.138820627641201E-00016
                   4      0.138927489267946E-00016
                   5      0.139074681171187E-00016
                   6      0.139257495261250E-00016
                   7      0.139470525005074E-00016
                   8      0.139707548892769E-00016
                   9      0.139962083067066E-00016
                  10      0.140227547553611E-00016
                  11      0.140497607279185E-00016
                  12      0.140766691064130E-00016
                  13      0.141030298282298E-00016
                  14      0.141284621704151E-00016
                  15      0.141526488953871E-00016
                  16      0.141753267126614E-00016
                  17      0.141962731877023E-00016
                  18      0.142153070648102E-00016
                  19      0.142322796966629E-00016
                  20      0.142470699558362E-00016
                  21      0.142595732156536E-00016
                  22      0.142697029940617E-00016
                  23      0.142773956985310E-00016
                  24      0.142825987025781E-00016
                  25      0.142852762926177E-00016
                  26      0.142854029587136E-00016
                  27      0.142829875944786E-00016
                  28      0.142780379896109E-00016
                  29      0.142705911943543E-00016
                  30      0.142606943350823E-00016
                  31      0.142484127233152E-00016
                  32      0.142338354845439E-00016
                  33      0.142170838416714E-00016
                  34      0.141982729226194E-00016
                  35      0.141775266414079E-00016
                  36      0.141549436190999E-00016
                  37      0.141307291141339E-00016
                  38      0.141052635076642E-00016
                  39      0.140788542420282E-00016
                  40      0.140518543994119E-00016
                  41      0.140246943179128E-00016
                  42      0.139979304398958E-00016
                  43      0.139722219188436E-00016
                  44      0.139482482573720E-00016
                  45      0.139267099743252E-00016
                  46      0.139082409310760E-00016
                  47      0.138933739516836E-00016
                  48      0.138825174859809E-00016
                  49      0.138758097225058E-00016
                  50      0.138734722315374E-00016
