                   1      0.152877083630304E-00016
                   2      0.152881827793884E-00016
                   3      0.152881957750183E-00016
                   4      0.152878546549155E-00016
                   5      0.152878225455342E-00016
                   6      0.152877320105801E-00016
                   7      0.152877190454230E-00016
                   8      0.152876847295047E-00016
                   9      0.152876871121955E-00016
                  10      0.152877071554878E-00016
                  11      0.152877065580417E-00016
                  12      0.152875002289987E-00016
                  13      0.152865011590573E-00016
                  14      0.152837940865223E-00016
                  15      0.152786358856814E-00016
                  16      0.152705614852809E-00016
                  17      0.152591416151234E-00016
                  18      0.152439074792581E-00016
                  19      0.152239688640979E-00016
                  20      0.151991658477317E-00016
                  21      0.151699875733104E-00016
                  22      0.151377929939839E-00016
                  23      0.151044521438924E-00016
                  24      0.150717572151717E-00016
                  25      0.150411332412863E-00016
                  26      0.150132005097095E-00016
                  27      0.149877533875766E-00016
                  28      0.149641527127494E-00016
                  29      0.149416546481274E-00016
                  30      0.149195123647832E-00016
                  31      0.148969420729501E-00016
                  32      0.148730822348971E-00016
                  33      0.148470119930751E-00016
                  34      0.148178336443528E-00016
                  35      0.147847822904900E-00016
                  36      0.147472924981552E-00016
                  37      0.147050626539708E-00016
                  38      0.146580335799158E-00016
                  39      0.146063398846702E-00016
                  40      0.145501682880782E-00016
                  41      0.144897312588300E-00016
                  42      0.144252922616579E-00016
                  43      0.143575866676468E-00016
                  44      0.142881790963145E-00016
                  45      0.142193991526444E-00016
                  46      0.141536685364873E-00016
                  47      0.140932469445186E-00016
                  48      0.140397666384914E-00016
                  49      0.139939557715176E-00016
                  50      0.138733109636069E-00016
