                   1      0.152877083669719E-00016
                   2      0.153085852520979E-00016
                   3      0.153105031421015E-00016
                   4      0.153104710014375E-00016
                   5      0.152998113595713E-00016
                   6      0.152899147085602E-00016
                   7      0.152793243196130E-00016
                   8      0.152669444013357E-00016
                   9      0.152508472351323E-00016
                  10      0.152301173075468E-00016
                  11      0.152052161742511E-00016
                  12      0.151775101142323E-00016
                  13      0.151484706962404E-00016
                  14      0.151188120753926E-00016
                  15      0.150881107215121E-00016
                  16      0.150548827317452E-00016
                  17      0.150166397194693E-00016
                  18      0.149698490691724E-00016
                  19      0.149104086130156E-00016
                  20      0.148358447922325E-00016
                  21      0.147487976240168E-00016
                  22      0.146569715493303E-00016
                  23      0.145647263577175E-00016
                  24      0.144660156689442E-00016
                  25      0.143548157895289E-00016
                  26      0.142994478417253E-00016
                  27      0.144541042726581E-00016
                  28      0.146011290623996E-00016
                  29      0.147714100139895E-00016
                  30      0.149374291990055E-00016
                  31      0.150806923964702E-00016
                  32      0.151980316079358E-00016
                  33      0.152931026826021E-00016
                  34      0.153697318074997E-00016
                  35      0.154306631122068E-00016
                  36      0.154781840642126E-00016
                  37      0.155144375282922E-00016
                  38      0.155412459289891E-00016
                  39      0.155599158994527E-00016
                  40      0.155712029705274E-00016
                  41      0.155756303988270E-00016
                  42      0.155734595099509E-00016
                  43      0.155647650662893E-00016
                  44      0.155494628779491E-00016
                  45      0.155273398115870E-00016
                  46      0.154986959768202E-00016
                  47      0.154646781383170E-00016
                  48      0.154271628096271E-00016
                  49      0.153883932238791E-00016
                  50      0.152844158824496E-00016
