                   1      0.134951617135380E-00016
                   2      0.134972948677016E-00016
                   3      0.135037071626554E-00016
                   4      0.135142954377990E-00016
                   5      0.135288192632908E-00016
                   6      0.135469280932882E-00016
                   7      0.135681578463967E-00016
                   8      0.135919386058790E-00016
                   9      0.136176355169166E-00016
                  10      0.136446157074159E-00016
                  11      0.136721926542198E-00016
                  12      0.136998733380278E-00016
                  13      0.137271903149886E-00016
                  14      0.137536507382820E-00016
                  15      0.137788734547675E-00016
                  16      0.138025512834735E-00016
                  17      0.138244419591465E-00016
                  18      0.138443386703685E-00016
                  19      0.138620716149143E-00016
                  20      0.138774999806810E-00016
                  21      0.138905055338265E-00016
                  22      0.139010018728406E-00016
                  23      0.139089193157085E-00016
                  24      0.139142086196653E-00016
                  25      0.139168395199102E-00016
                  26      0.139168055664346E-00016
                  27      0.139141220883205E-00016
                  28      0.139087973006561E-00016
                  29      0.139008691873726E-00016
                  30      0.138903935600510E-00016
                  31      0.138774565318172E-00016
                  32      0.138621392041943E-00016
                  33      0.138445373757032E-00016
                  34      0.138248216979908E-00016
                  35      0.138031109685996E-00016
                  36      0.137796191692883E-00016
                  37      0.137545663367862E-00016
                  38      0.137282978060166E-00016
                  39      0.137012129486800E-00016
                  40      0.136736869247557E-00016
                  41      0.136461410865697E-00016
                  42      0.136191318818536E-00016
                  43      0.135933500089193E-00016
                  44      0.135695137266899E-00016
                  45      0.135482707404964E-00016
                  46      0.135301646974313E-00016
                  47      0.135156359174193E-00016
                  48      0.135050247714772E-00016
                  49      0.134985651119530E-00016
                  50      0.134963649531336E-00016
