                   1      0.146935476235968E-00016
                   2      0.146929984160419E-00016
                   3      0.146913556938960E-00016
                   4      0.146884125173605E-00016
                   5      0.146840965204705E-00016
                   6      0.146784022466432E-00016
                   7      0.146713259976118E-00016
                   8      0.146628580486463E-00016
                   9      0.146530001020115E-00016
                  10      0.146417634601766E-00016
                  11      0.146292007436165E-00016
                  12      0.146154334773719E-00016
                  13      0.146006319985856E-00016
                  14      0.145850546089345E-00016
                  15      0.145689147783048E-00016
                  16      0.145523953280440E-00016
                  17      0.145357330852492E-00016
                  18      0.145190104504882E-00016
                  19      0.145020791023127E-00016
                  20      0.144846709558526E-00016
                  21      0.144664613257058E-00016
                  22      0.144470854696735E-00016
                  23      0.144261625373839E-00016
                  24      0.144031862568259E-00016
                  25      0.143774875372731E-00016
                  26      0.143484005929935E-00016
                  27      0.143154392894245E-00016
                  28      0.142783934481399E-00016
                  29      0.142374057121479E-00016
                  30      0.141929489139495E-00016
                  31      0.141457078239383E-00016
                  32      0.140964695071394E-00016
                  33      0.140460448017752E-00016
                  34      0.139952098509000E-00016
                  35      0.139446593810811E-00016
                  36      0.138949949756043E-00016
                  37      0.138467400162654E-00016
                  38      0.138004178003175E-00016
                  39      0.137564893939314E-00016
                  40      0.137152722488506E-00016
                  41      0.136770117653128E-00016
                  42      0.136419257962135E-00016
                  43      0.136101695578172E-00016
                  44      0.135818607917821E-00016
                  45      0.135571398631898E-00016
                  46      0.135361861358265E-00016
                  47      0.135192249924792E-00016
                  48      0.135065287574145E-00016
                  49      0.134984048334829E-00016
                  50      0.134951617143631E-00016
