                   1      0.146935476270709E-00016
                   2      0.146944849836909E-00016
                   3      0.146940924360548E-00016
                   4      0.146940649588892E-00016
                   5      0.146929339441991E-00016
                   6      0.146901359827996E-00016
                   7      0.146841290755322E-00016
                   8      0.146745632145192E-00016
                   9      0.146610192148430E-00016
                  10      0.146430858696842E-00016
                  11      0.146209379871373E-00016
                  12      0.145957888146154E-00016
                  13      0.145692398843581E-00016
                  14      0.145423220647323E-00016
                  15      0.145150528478724E-00016
                  16      0.144866473558000E-00016
                  17      0.144560619279238E-00016
                  18      0.144216672597893E-00016
                  19      0.143813879153443E-00016
                  20      0.143272282223007E-00016
                  21      0.142539593786183E-00016
                  22      0.141755523738565E-00016
                  23      0.141146186482886E-00016
                  24      0.140696781262564E-00016
                  25      0.140254079712661E-00016
                  26      0.140760857123546E-00016
                  27      0.141708335367624E-00016
                  28      0.142751099550644E-00016
                  29      0.143959040111694E-00016
                  30      0.145249799726410E-00016
                  31      0.146504238913993E-00016
                  32      0.147642623889855E-00016
                  33      0.148629747488029E-00016
                  34      0.149455193283336E-00016
                  35      0.150120861590915E-00016
                  36      0.150635685293496E-00016
                  37      0.151008803064629E-00016
                  38      0.151249333082324E-00016
                  39      0.151364294150188E-00016
                  40      0.151363821116762E-00016
                  41      0.151247405235568E-00016
                  42      0.151025406504190E-00016
                  43      0.150701731093613E-00016
                  44      0.150276087715791E-00016
                  45      0.149767196448294E-00016
                  46      0.149211793195538E-00016
                  47      0.148651273151727E-00016
                  48      0.148122377280448E-00016
                  49      0.147656836931679E-00016
                  50      0.146972500109900E-00016
