                   1      0.955406928879563E-00017
                   2      0.959966388507872E-00017
                   3      0.961798898329068E-00017
                   4      0.963710077759160E-00017
                   5      0.965720336195960E-00017
                   6      0.967754681782495E-00017
                   7      0.969706081420133E-00017
                   8      0.971483119037329E-00017
                   9      0.973027255689872E-00017
                  10      0.974364704468685E-00017
                  11      0.975599993674661E-00017
                  12      0.976865228313930E-00017
                  13      0.978288308732609E-00017
                  14      0.979999941629836E-00017
                  15      0.982141942849352E-00017
                  16      0.984448607904501E-00017
                  17      0.986733766326127E-00017
                  18      0.988874681001506E-00017
                  19      0.990797804331050E-00017
                  20      0.992462057290805E-00017
                  21      0.993845338760237E-00017
                  22      0.994941254399369E-00017
                  23      0.995754859182432E-00017
                  24      0.996299167027675E-00017
                  25      0.996596009550208E-00017
                  26      0.996692684998852E-00017
                  27      0.996698457622549E-00017
                  28      0.996698392187452E-00017
                  29      0.996697669894490E-00017
                  30      0.996697370740510E-00017
                  31      0.996697321859446E-00017
                  32      0.996697317555638E-00017
                  33      0.996696462574645E-00017
                  34      0.996695412526938E-00017
                  35      0.996698286623107E-00017
                  36      0.996666701370927E-00017
                  37      0.996521796074105E-00017
                  38      0.996223153288347E-00017
                  39      0.995770098810849E-00017
                  40      0.995180958485284E-00017
                  41      0.994480919873586E-00017
                  42      0.993692637210219E-00017
                  43      0.992837435390599E-00017
                  44      0.991936219125408E-00017
                  45      0.991012497504021E-00017
                  46      0.990088340947953E-00017
                  47      0.989163931747479E-00017
                  48      0.988317853361913E-00017
                  49      0.987611806215391E-00017
                  50      0.986473743368083E-00017
