                   1      0.955398539784295E-00017
                   2      0.956463038587428E-00017
                   3      0.957605438545641E-00017
                   4      0.959089464027047E-00017
                   5      0.960899846119593E-00017
                   6      0.962986885802829E-00017
                   7      0.965264352608068E-00017
                   8      0.967610084269528E-00017
                   9      0.969889195098223E-00017
                  10      0.972004569205603E-00017
                  11      0.973943288230403E-00017
                  12      0.973942693101459E-00017
                  13      0.974177053103847E-00017
                  14      0.973566401875407E-00017
                  15      0.972453891469995E-00017
                  16      0.972278822377172E-00017
                  17      0.972783636669259E-00017
                  18      0.973762805185668E-00017
                  19      0.975226153151975E-00017
                  20      0.977171859864403E-00017
                  21      0.979560085052605E-00017
                  22      0.982266287223645E-00017
                  23      0.985038328086977E-00017
                  24      0.987652596157012E-00017
                  25      0.989974997198306E-00017
                  26      0.991907387338464E-00017
                  27      0.993389089830230E-00017
                  28      0.994384684901026E-00017
                  29      0.994879765952749E-00017
                  30      0.994958002841159E-00017
                  31      0.994958177442095E-00017
                  32      0.994957704318930E-00017
                  33      0.994819505693126E-00017
                  34      0.994236191263886E-00017
                  35      0.993164525452259E-00017
                  36      0.991622972285870E-00017
                  37      0.989649310607149E-00017
                  38      0.987294990493818E-00017
                  39      0.984621791838586E-00017
                  40      0.981699221467313E-00017
                  41      0.978602334010160E-00017
                  42      0.975409823780685E-00017
                  43      0.972202298363171E-00017
                  44      0.969060698671124E-00017
                  45      0.966064899987250E-00017
                  46      0.963292509785478E-00017
                  47      0.960817907784278E-00017
                  48      0.958709636504168E-00017
                  49      0.957023905246390E-00017
                  50      0.955314807944188E-00017
