                   1      0.986473743460949E-00017
                   2      0.990076192261531E-00017
                   3      0.991574221743693E-00017
                   4      0.993166576716033E-00017
                   5      0.994660435213492E-00017
                   6      0.995797481678561E-00017
                   7      0.996446644994563E-00017
                   8      0.996684789814159E-00017
                   9      0.996720301670669E-00017
                  10      0.996729497965386E-00017
                  11      0.996726082574704E-00017
                  12      0.996738497762442E-00017
                  13      0.996832719939510E-00017
                  14      0.996755962001772E-00017
                  15      0.996736833866078E-00017
                  16      0.996835897461404E-00017
                  17      0.996836000497772E-00017
                  18      0.996832426324406E-00017
                  19      0.996721406688949E-00017
                  20      0.996731656987827E-00017
                  21      0.996474750415991E-00017
                  22      0.994981604631853E-00017
                  23      0.991585715001878E-00017
                  24      0.986505372956897E-00017
                  25      0.982482095431579E-00017
                  26      0.990959724652036E-00017
                  27      0.996064518872161E-00017
                  28      0.998660761571026E-00017
                  29      0.999819761317901E-00017
                  30      0.100046837359123E-00016
                  31      0.100084846392437E-00016
                  32      0.100108457488285E-00016
                  33      0.100123049083286E-00016
                  34      0.100129872886695E-00016
                  35      0.100130403082925E-00016
                  36      0.100126833276746E-00016
                  37      0.100121228581176E-00016
                  38      0.100114943428454E-00016
                  39      0.100106743933818E-00016
                  40      0.100094810255838E-00016
                  41      0.100075530044127E-00016
                  42      0.100041980883748E-00016
                  43      0.999818932812130E-00017
                  44      0.998769189622256E-00017
                  45      0.997263192484386E-00017
                  46      0.995297199283273E-00017
                  47      0.993207606063183E-00017
                  48      0.990832549153967E-00017
                  49      0.987789908659609E-00017
                  50      0.986642191052983E-00017
