                   1      0.986474443498584E-00017
                   2      0.991582761113365E-00017
                   3      0.993547414267095E-00017
                   4      0.995377981280861E-00017
                   5      0.996488309793042E-00017
                   6      0.996683092184536E-00017
                   7      0.996683820956881E-00017
                   8      0.996681901906873E-00017
                   9      0.996699856855149E-00017
                  10      0.996701084359784E-00017
                  11      0.996698904976475E-00017
                  12      0.996700494263118E-00017
                  13      0.996699824933182E-00017
                  14      0.996698226581642E-00017
                  15      0.996700419379161E-00017
                  16      0.996694942911123E-00017
                  17      0.996676211013992E-00017
                  18      0.996649798316459E-00017
                  19      0.996690977291089E-00017
                  20      0.996660222269873E-00017
                  21      0.996693223397478E-00017
                  22      0.996476030695929E-00017
                  23      0.994930465768242E-00017
                  24      0.969519625511781E-00017
                  25      0.991267843026641E-00017
                  26      0.995242732015649E-00017
                  27      0.997508480050782E-00017
                  28      0.998938663523671E-00017
                  29      0.999859671673732E-00017
                  30      0.100055509461270E-00016
                  31      0.100107052688610E-00016
                  32      0.100140465545527E-00016
                  33      0.100160069263609E-00016
                  34      0.100169448536380E-00016
                  35      0.100171305249037E-00016
                  36      0.100167890561289E-00016
                  37      0.100160868174033E-00016
                  38      0.100152356567148E-00016
                  39      0.100144712012520E-00016
                  40      0.100137665313407E-00016
                  41      0.100129812619784E-00016
                  42      0.100119843879975E-00016
                  43      0.100106649369720E-00016
                  44      0.100087476672107E-00016
                  45      0.100044189950119E-00016
                  46      0.999205021007276E-00017
                  47      0.996821110298427E-00017
                  48      0.993976814551182E-00017
                  49      0.991447992483011E-00017
                  50      0.986512810270422E-00017
