                   1      0.955398539677506E-00017
                   2      0.957726205976741E-00017
                   3      0.959034470874428E-00017
                   4      0.960520218401674E-00017
                   5      0.962191096301716E-00017
                   6      0.964003316222714E-00017
                   7      0.965892701672629E-00017
                   8      0.967798134028749E-00017
                   9      0.969645622897631E-00017
                  10      0.971387540305671E-00017
                  11      0.973025435138189E-00017
                  12      0.974614839995387E-00017
                  13      0.976249670139922E-00017
                  14      0.978035347554809E-00017
                  15      0.980031179666533E-00017
                  16      0.982141580718498E-00017
                  17      0.984290006569412E-00017
                  18      0.986398192348271E-00017
                  19      0.988400350157784E-00017
                  20      0.990244579946211E-00017
                  21      0.991890092684667E-00017
                  22      0.993307065446035E-00017
                  23      0.994476520319384E-00017
                  24      0.995389834948606E-00017
                  25      0.996048062554475E-00017
                  26      0.996461680818003E-00017
                  27      0.996654084340818E-00017
                  28      0.996697329613901E-00017
                  29      0.996703052253023E-00017
                  30      0.996703399161529E-00017
                  31      0.996703377629904E-00017
                  32      0.996700898588472E-00017
                  33      0.996701631299118E-00017
                  34      0.996675677428575E-00017
                  35      0.996535724979099E-00017
                  36      0.996243161666331E-00017
                  37      0.995805166573709E-00017
                  38      0.995239424561467E-00017
                  39      0.994566148477341E-00017
                  40      0.993808846951468E-00017
                  41      0.992991760608763E-00017
                  42      0.992138845917016E-00017
                  43      0.991272846317769E-00017
                  44      0.990416338532190E-00017
                  45      0.989591827292309E-00017
                  46      0.988818202443002E-00017
                  47      0.988095962030634E-00017
                  48      0.987482575074982E-00017
                  49      0.987010887218188E-00017
                  50      0.986474443410667E-00017
