                   1      0.320036365063872E-00016
                   2      0.320256535729569E-00016
                   3      0.320862083935973E-00016
                   4      0.321783008254553E-00016
                   5      0.322970336218032E-00016
                   6      0.324397326168211E-00016
                   7      0.326142413854331E-00016
                   8      0.328154885698752E-00016
                   9      0.330417589025507E-00016
                  10      0.332959175480509E-00016
                  11      0.335719158581953E-00016
                  12      0.338700602501300E-00016
                  13      0.341857565286615E-00016
                  14      0.345136694148526E-00016
                  15      0.348453107118405E-00016
                  16      0.351683789290699E-00016
                  17      0.354697593361805E-00016
                  18      0.357344891475925E-00016
                  19      0.359533848068147E-00016
                  20      0.361308186591926E-00016
                  21      0.362778843805768E-00016
                  22      0.363971401651769E-00016
                  23      0.364890252127232E-00016
                  24      0.365525786957991E-00016
                  25      0.365884569687840E-00016
                  26      0.365968577634252E-00016
                  27      0.365839934659098E-00016
                  28      0.365446007409993E-00016
                  29      0.364773658082202E-00016
                  30      0.363800879250267E-00016
                  31      0.362494711783011E-00016
                  32      0.360774011061822E-00016
                  33      0.358585221711333E-00016
                  34      0.355949256881028E-00016
                  35      0.352961113951903E-00016
                  36      0.349746860324484E-00016
                  37      0.346426969241359E-00016
                  38      0.343103969103538E-00016
                  39      0.339888201855444E-00016
                  40      0.336813795207592E-00016
                  41      0.333917484473268E-00016
                  42      0.331285332087759E-00016
                  43      0.328894958635724E-00016
                  44      0.326768472295188E-00016
                  45      0.324923040730030E-00016
                  46      0.323366572237578E-00016
                  47      0.322074645653699E-00016
                  48      0.321134858518276E-00016
                  49      0.320611130765116E-00016
                  50      0.320525989136241E-00016
