                   1      0.320036364942374E-00016
                   2      0.320257230970724E-00016
                   3      0.320863248501963E-00016
                   4      0.321784211685653E-00016
                   5      0.322971203962704E-00016
                   6      0.324397782302530E-00016
                   7      0.326139685330069E-00016
                   8      0.328150287931804E-00016
                   9      0.330418071184586E-00016
                  10      0.332959427188731E-00016
                  11      0.335718356984187E-00016
                  12      0.338703536011936E-00016
                  13      0.341858591425708E-00016
                  14      0.345134590146925E-00016
                  15      0.348443451172550E-00016
                  16      0.351676640689056E-00016
                  17      0.354702733841093E-00016
                  18      0.357374462448873E-00016
                  19      0.359589753416199E-00016
                  20      0.361369802384361E-00016
                  21      0.362822253386620E-00016
                  22      0.363988862219551E-00016
                  23      0.364881170285311E-00016
                  24      0.365496294779407E-00016
                  25      0.365844496938898E-00016
                  26      0.365923782206011E-00016
                  27      0.365786046022150E-00016
                  28      0.365377154522441E-00016
                  29      0.364686259562682E-00016
                  30      0.363693477090648E-00016
                  31      0.362360986742561E-00016
                  32      0.360616990101648E-00016
                  33      0.358418842796153E-00016
                  34      0.355786117894709E-00016
                  35      0.352804374042567E-00016
                  36      0.349592977219274E-00016
                  37      0.346272169809682E-00016
                  38      0.342945689115889E-00016
                  39      0.339720549775457E-00016
                  40      0.336647266168265E-00016
                  41      0.333755706930572E-00016
                  42      0.331121780407462E-00016
                  43      0.328747362298890E-00016
                  44      0.326629961674076E-00016
                  45      0.324808035691325E-00016
                  46      0.323268530148739E-00016
                  47      0.321993384481200E-00016
                  48      0.321066010240440E-00016
                  49      0.320552168749582E-00016
                  50      0.320470103322932E-00016
