                   1      0.180559567702551E-00017
                   2      0.180862288186881E-00017
                   3      0.181666467141218E-00017
                   4      0.182786897247261E-00017
                   5      0.184015521696153E-00017
                   6      0.185144385747849E-00017
                   7      0.185990570503128E-00017
                   8      0.186419326938569E-00017
                   9      0.186369738835895E-00017
                  10      0.185845601453009E-00017
                  11      0.184922808107785E-00017
                  12      0.183746041083669E-00017
                  13      0.182504719682029E-00017
                  14      0.181409164375005E-00017
                  15      0.180665335605035E-00017
                  16      0.180453949557717E-00017
                  17      0.180909179786792E-00017
                  18      0.181069502168883E-00017
                  19      0.181856503770990E-00017
                  20      0.183162367123240E-00017
                  21      0.184854213885300E-00017
                  22      0.186781389542479E-00017
                  23      0.188777733085320E-00017
                  24      0.190674522941405E-00017
                  25      0.192316279125122E-00017
                  26      0.193575477549498E-00017
                  27      0.194362976179901E-00017
                  28      0.194623326176499E-00017
                  29      0.192551255228110E-00017
                  30      0.189513189749735E-00017
                  31      0.186533055785906E-00017
                  32      0.183997694084752E-00017
                  33      0.182092693332167E-00017
                  34      0.180905754874570E-00017
                  35      0.180445647520262E-00017
                  36      0.180660311055708E-00017
                  37      0.181407852596414E-00017
                  38      0.182507579613070E-00017
                  39      0.183753428195162E-00017
                  40      0.184934852434600E-00017
                  41      0.185862114029082E-00017
                  42      0.186390124977849E-00017
                  43      0.186442772678939E-00017
                  44      0.186016874515817E-00017
                  45      0.185174470859203E-00017
                  46      0.184049972599778E-00017
                  47      0.182821859665414E-00017
                  48      0.181693463708268E-00017
                  49      0.180874380911041E-00017
                  50      0.180559567681893E-00017
