                   1      0.180498808942853E-00017
                   2      0.181953537505025E-00017
                   3      0.182815486142019E-00017
                   4      0.183689438528098E-00017
                   5      0.184518997219239E-00017
                   6      0.185248858332719E-00017
                   7      0.185828995205737E-00017
                   8      0.186221070617984E-00017
                   9      0.186405453537806E-00017
                  10      0.186423682280824E-00017
                  11      0.186425991637139E-00017
                  12      0.186425997086950E-00017
                  13      0.186425974902400E-00017
                  14      0.186424949727159E-00017
                  15      0.186378871988835E-00017
                  16      0.186143752633816E-00017
                  17      0.185703707646341E-00017
                  18      0.185083313911179E-00017
                  19      0.184324266013258E-00017
                  20      0.183476021488237E-00017
                  21      0.182583966001170E-00017
                  22      0.181569701689598E-00017
                  23      0.180773592871849E-00017
                  24      0.182066126113320E-00017
                  25      0.182423940683988E-00017
                  26      0.182529850100173E-00017
                  27      0.182943192076587E-00017
                  28      0.183623774378718E-00017
                  29      0.184412961492696E-00017
                  30      0.185256322198230E-00017
                  31      0.186113836969332E-00017
                  32      0.186951906321315E-00017
                  33      0.187742746805319E-00017
                  34      0.188464954718474E-00017
                  35      0.189103491575542E-00017
                  36      0.189648885243881E-00017
                  37      0.190095942383172E-00017
                  38      0.190442400468928E-00017
                  39      0.190687942362497E-00017
                  40      0.190834156698016E-00017
                  41      0.190885570298440E-00017
                  42      0.190982026572477E-00017
                  43      0.190729370405416E-00017
                  44      0.190088068515901E-00017
                  45      0.188857957234701E-00017
                  46      0.187223798248472E-00017
                  47      0.185478974338523E-00017
                  48      0.183838542492076E-00017
                  49      0.182415733902282E-00017
                  50      0.180435552681151E-00017
