                   1      0.180435552719900E-00017
                   2      0.180495453869320E-00017
                   3      0.180610349355983E-00017
                   4      0.180773571058067E-00017
                   5      0.180981914781835E-00017
                   6      0.181230913389555E-00017
                   7      0.181515593895938E-00017
                   8      0.181830636362735E-00017
                   9      0.182170454063598E-00017
                  10      0.182529271902316E-00017
                  11      0.182901195892672E-00017
                  12      0.183280275490903E-00017
                  13      0.183660569551550E-00017
                  14      0.184036219206957E-00017
                  15      0.184401525783184E-00017
                  16      0.184751030697150E-00017
                  17      0.185079589160623E-00017
                  18      0.185382426750503E-00017
                  19      0.185655180011772E-00017
                  20      0.185893934030019E-00017
                  21      0.186095265047992E-00017
                  22      0.186256285663238E-00017
                  23      0.186374683959916E-00017
                  24      0.186448741659438E-00017
                  25      0.186477386592230E-00017
                  26      0.186478024114280E-00017
                  27      0.186455628156729E-00017
                  28      0.186388219542528E-00017
                  29      0.186276441386974E-00017
                  30      0.186121978885490E-00017
                  31      0.185927123906613E-00017
                  32      0.185694749757429E-00017
                  33      0.185428272545232E-00017
                  34      0.185131606691223E-00017
                  35      0.184809117668484E-00017
                  36      0.184465573937490E-00017
                  37      0.184106097682745E-00017
                  38      0.183736109452260E-00017
                  39      0.183361263553714E-00017
                  40      0.182987379453747E-00017
                  41      0.182620373737985E-00017
                  42      0.182266189978547E-00017
                  43      0.181930724334124E-00017
                  44      0.181619747384852E-00017
                  45      0.181338826243596E-00017
                  46      0.181093257237947E-00017
                  47      0.180887999488914E-00017
                  48      0.180727496172606E-00017
                  49      0.180614916766309E-00017
                  50      0.180559567653083E-00017
