                   1      0.180435552690115E-00017
                   2      0.180738454802439E-00017
                   3      0.181510640308660E-00017
                   4      0.182582921227781E-00017
                   5      0.183769999449892E-00017
                   6      0.184885551829172E-00017
                   7      0.185762187308350E-00017
                   8      0.186271247203882E-00017
                   9      0.186354456209034E-00017
                  10      0.186014862291232E-00017
                  11      0.185272492505472E-00017
                  12      0.184234621366702E-00017
                  13      0.183055499747977E-00017
                  14      0.181916472380360E-00017
                  15      0.181006101601974E-00017
                  16      0.180505743918306E-00017
                  17      0.180623857755278E-00017
                  18      0.181343875160348E-00017
                  19      0.182446698257754E-00017
                  20      0.183454475604244E-00017
                  21      0.184430105522407E-00017
                  22      0.185500599896158E-00017
                  23      0.186614002193274E-00017
                  24      0.187683288139054E-00017
                  25      0.188626440465738E-00017
                  26      0.189377532374791E-00017
                  27      0.189891477165441E-00017
                  28      0.190135039271724E-00017
                  29      0.189425361771945E-00017
                  30      0.187147162411698E-00017
                  31      0.184782442742793E-00017
                  32      0.182785260195285E-00017
                  33      0.181376756666313E-00017
                  34      0.180631443911297E-00017
                  35      0.180553841121001E-00017
                  36      0.181061527762678E-00017
                  37      0.181971592274025E-00017
                  38      0.183108169668039E-00017
                  39      0.184283405496001E-00017
                  40      0.185316172032454E-00017
                  41      0.186052507956055E-00017
                  42      0.186386157785207E-00017
                  43      0.186297085966523E-00017
                  44      0.185783158451909E-00017
                  45      0.184904061247420E-00017
                  46      0.183786551216880E-00017
                  47      0.182595809535181E-00017
                  48      0.181517425098244E-00017
                  49      0.180739192432784E-00017
                  50      0.180435552684347E-00017
