                   1      0.180559567666247E-00017
                   2      0.180621045486163E-00017
                   3      0.180739850230858E-00017
                   4      0.180905567592786E-00017
                   5      0.181115307687675E-00017
                   6      0.181364721892550E-00017
                   7      0.181648873396617E-00017
                   8      0.181962467465257E-00017
                   9      0.182299942377791E-00017
                  10      0.182655540000755E-00017
                  11      0.183023377259392E-00017
                  12      0.183397521831403E-00017
                  13      0.183772071794203E-00017
                  14      0.184141233279339E-00017
                  15      0.184499389089742E-00017
                  16      0.184841156090059E-00017
                  17      0.185161435444955E-00017
                  18      0.185455465433774E-00017
                  19      0.185718884352629E-00017
                  20      0.185947798510161E-00017
                  21      0.186138840658939E-00017
                  22      0.186289209331878E-00017
                  23      0.186396689210824E-00017
                  24      0.186459640786047E-00017
                  25      0.186477984115707E-00017
                  26      0.186477631795065E-00017
                  27      0.186453025597303E-00017
                  28      0.186383357519676E-00017
                  29      0.186269196943470E-00017
                  30      0.186112167103876E-00017
                  31      0.185914508080436E-00017
                  32      0.185679064769274E-00017
                  33      0.185409247019071E-00017
                  34      0.185108969464567E-00017
                  35      0.184782590633557E-00017
                  36      0.184434863898997E-00017
                  37      0.184070893428099E-00017
                  38      0.183696083323096E-00017
                  39      0.183316077465026E-00017
                  40      0.182936692792537E-00017
                  41      0.182563847685330E-00017
                  42      0.182203488070494E-00017
                  43      0.181861515140219E-00017
                  44      0.181543715540443E-00017
                  45      0.181255694020250E-00017
                  46      0.181002808561118E-00017
                  47      0.180790087522793E-00017
                  48      0.180622025736157E-00017
                  49      0.180501751461812E-00017
                  50      0.180435552683925E-00017
