                   1      0.180435552731281E-00017
                   2      0.180488992810953E-00017
                   3      0.180599736914519E-00017
                   4      0.180758843826356E-00017
                   5      0.180963106423176E-00017
                   6      0.181208064878013E-00017
                   7      0.181488755643942E-00017
                   8      0.181799863696322E-00017
                   9      0.182135800155045E-00017
                  10      0.182490785756834E-00017
                  11      0.182858929664295E-00017
                  12      0.183234300649268E-00017
                  13      0.183610997559729E-00017
                  14      0.183983217361825E-00017
                  15      0.184345315699543E-00017
                  16      0.184691862899229E-00017
                  17      0.185017703079500E-00017
                  18      0.185318018224313E-00017
                  19      0.185588393882425E-00017
                  20      0.185824882712479E-00017
                  21      0.186024057608567E-00017
                  22      0.186183048215083E-00017
                  23      0.186299565618428E-00017
                  24      0.186371913444172E-00017
                  25      0.186399104080730E-00017
                  26      0.186399401677479E-00017
                  27      0.186375684038830E-00017
                  28      0.186307014255464E-00017
                  29      0.186194156720541E-00017
                  30      0.186038792883250E-00017
                  31      0.185843198384412E-00017
                  32      0.185610230113824E-00017
                  33      0.185343297105878E-00017
                  34      0.185046321205724E-00017
                  35      0.184723689559480E-00017
                  36      0.184380202848438E-00017
                  37      0.184021019474723E-00017
                  38      0.183651589417142E-00017
                  39      0.183277578148982E-00017
                  40      0.182904793151474E-00017
                  41      0.182539120356275E-00017
                  42      0.182186465185800E-00017
                  43      0.181852692204925E-00017
                  44      0.181543558547363E-00017
                  45      0.181264637470100E-00017
                  46      0.181021240100660E-00017
                  47      0.180818338004969E-00017
                  48      0.180660392502377E-00017
                  49      0.180550580558453E-00017
                  50      0.180498808958834E-00017
