                   1      0.180443275270911E-00017
                   2      0.181244031776577E-00017
                   3      0.181972400690890E-00017
                   4      0.182794293130814E-00017
                   5      0.183650634041018E-00017
                   6      0.184476572586084E-00017
                   7      0.185209189191963E-00017
                   8      0.185793153909675E-00017
                   9      0.186184985806309E-00017
                  10      0.186358191860055E-00017
                  11      0.186370357124580E-00017
                  12      0.186370356860322E-00017
                  13      0.186370233184995E-00017
                  14      0.186299318060128E-00017
                  15      0.186013522373645E-00017
                  16      0.185519205577967E-00017
                  17      0.184852663322963E-00017
                  18      0.184064255350807E-00017
                  19      0.183214490398348E-00017
                  20      0.182370506273695E-00017
                  21      0.181604610313266E-00017
                  22      0.180908958818240E-00017
                  23      0.180962663199370E-00017
                  24      0.181701021829883E-00017
                  25      0.182190409130052E-00017
                  26      0.182317875444793E-00017
                  27      0.182754862370226E-00017
                  28      0.183350947201645E-00017
                  29      0.184073009165102E-00017
                  30      0.184878595061840E-00017
                  31      0.185728289113238E-00017
                  32      0.186585083687099E-00017
                  33      0.187415581644253E-00017
                  34      0.188191335829208E-00017
                  35      0.188889636031582E-00017
                  36      0.189493545052990E-00017
                  37      0.189991319072941E-00017
                  38      0.190375562950919E-00017
                  39      0.190642508788524E-00017
                  40      0.190791751146810E-00017
                  41      0.190827836862789E-00017
                  42      0.190554540614401E-00017
                  43      0.190470645937565E-00017
                  44      0.189137060548610E-00017
                  45      0.187338502956867E-00017
                  46      0.185524090544379E-00017
                  47      0.183889555115100E-00017
                  48      0.182530110190828E-00017
                  49      0.181482003614969E-00017
                  50      0.180498809012962E-00017
