                   1      0.180435552685900E-00017
                   2      0.180476905108955E-00017
                   3      0.180576231252013E-00017
                   4      0.180725494736580E-00017
                   5      0.180920864720591E-00017
                   6      0.181157765868524E-00017
                   7      0.181431236841607E-00017
                   8      0.181736017498874E-00017
                   9      0.182066597427935E-00017
                  10      0.182417257592713E-00017
                  11      0.182782121475413E-00017
                  12      0.183155240843509E-00017
                  13      0.183530693794755E-00017
                  14      0.183902657224015E-00017
                  15      0.184265459591992E-00017
                  16      0.184613638105571E-00017
                  17      0.184942000798662E-00017
                  18      0.185245687184332E-00017
                  19      0.185520233842880E-00017
                  20      0.185761640446711E-00017
                  21      0.185966413578713E-00017
                  22      0.186131588127102E-00017
                  23      0.186254755539956E-00017
                  24      0.186334099909389E-00017
                  25      0.186368363707982E-00017
                  26      0.186368429419166E-00017
                  27      0.186334557475780E-00017
                  28      0.186255694774691E-00017
                  29      0.186133016192021E-00017
                  30      0.185968313442836E-00017
                  31      0.185763979331518E-00017
                  32      0.185522983962205E-00017
                  33      0.185248837289585E-00017
                  34      0.184945544719967E-00017
                  35      0.184617559970675E-00017
                  36      0.184269735249881E-00017
                  37      0.183907265194238E-00017
                  38      0.183535622618250E-00017
                  39      0.183160489722137E-00017
                  40      0.182787691231668E-00017
                  41      0.182423130835919E-00017
                  42      0.182072727517481E-00017
                  43      0.181742348531585E-00017
                  44      0.181437735478767E-00017
                  45      0.181164426319336E-00017
                  46      0.180927691227216E-00017
                  47      0.180732495104716E-00017
                  48      0.180583423383734E-00017
                  49      0.180484312816538E-00017
                  50      0.180443275256987E-00017
