                   1      0.180498808969859E-00017
                   2      0.180547332735088E-00017
                   3      0.180653405850036E-00017
                   4      0.180808396232578E-00017
                   5      0.181008776126140E-00017
                   6      0.181250053437778E-00017
                   7      0.181527292986221E-00017
                   8      0.181835222402464E-00017
                   9      0.182168287111607E-00017
                  10      0.182520722725146E-00017
                  11      0.182886636338540E-00017
                  12      0.183260087744356E-00017
                  13      0.183635166164141E-00017
                  14      0.184006060901943E-00017
                  15      0.184367125772380E-00017
                  16      0.184712937502814E-00017
                  17      0.185038350856757E-00017
                  18      0.185338553403657E-00017
                  19      0.185609121120338E-00017
                  20      0.185846075859342E-00017
                  21      0.186045942024216E-00017
                  22      0.186205794836564E-00017
                  23      0.186323294403606E-00017
                  24      0.186396698932402E-00017
                  25      0.186424913283359E-00017
                  26      0.186424319878791E-00017
                  27      0.186393065570578E-00017
                  28      0.186316631190616E-00017
                  29      0.186196122435135E-00017
                  30      0.186033285332216E-00017
                  31      0.185830471526008E-00017
                  32      0.185590620339442E-00017
                  33      0.185317216271594E-00017
                  34      0.185014234165003E-00017
                  35      0.184686086650147E-00017
                  36      0.184337580146810E-00017
                  37      0.183973871400154E-00017
                  38      0.183600412108760E-00017
                  39      0.183222878797025E-00017
                  40      0.182847098345811E-00017
                  41      0.182478980694717E-00017
                  42      0.182124456924955E-00017
                  43      0.181789412048229E-00017
                  44      0.181479609769293E-00017
                  45      0.181200617691088E-00017
                  46      0.180957742527079E-00017
                  47      0.180755971802430E-00017
                  48      0.180599845777579E-00017
                  49      0.180492904995255E-00017
                  50      0.180443275229507E-00017
