                   1      0.180498808927151E-00017
                   2      0.180551461111020E-00017
                   3      0.180662275330830E-00017
                   4      0.180821003828964E-00017
                   5      0.181024558528444E-00017
                   6      0.181268536891443E-00017
                   7      0.181548003176842E-00017
                   8      0.181857654934709E-00017
                   9      0.182191896065046E-00017
                  10      0.182544927010442E-00017
                  11      0.182910844603477E-00017
                  12      0.183283720405043E-00017
                  13      0.183657659628538E-00017
                  14      0.184026859986816E-00017
                  15      0.184385679250107E-00017
                  16      0.184728708552879E-00017
                  17      0.185050837221511E-00017
                  18      0.185347300696480E-00017
                  19      0.185613724334063E-00017
                  20      0.185846177833149E-00017
                  21      0.186041235849199E-00017
                  22      0.186196029395318E-00017
                  23      0.186308277932561E-00017
                  24      0.186376289825448E-00017
                  25      0.186399285576273E-00017
                  26      0.186399024678592E-00017
                  27      0.186372420213990E-00017
                  28      0.186300775814756E-00017
                  29      0.186184927131015E-00017
                  30      0.186026554092103E-00017
                  31      0.185827944335405E-00017
                  32      0.185591973601857E-00017
                  33      0.185322069183808E-00017
                  34      0.185022164561745E-00017
                  35      0.184696649801818E-00017
                  36      0.184350321998379E-00017
                  37      0.183988332982757E-00017
                  38      0.183616125164323E-00017
                  39      0.183239355906907E-00017
                  40      0.182863827771867E-00017
                  41      0.182495435235748E-00017
                  42      0.182140114374471E-00017
                  43      0.181803777063529E-00017
                  44      0.181492225430392E-00017
                  45      0.181211059069755E-00017
                  46      0.180965595283169E-00017
                  47      0.180760800904429E-00017
                  48      0.180601139654850E-00017
                  49      0.180489827460920E-00017
                  50      0.180435552673964E-00017
