                   1      0.180559567716386E-00017
                   2      0.180603571128976E-00017
                   3      0.180705430989864E-00017
                   4      0.180857047341786E-00017
                   5      0.181054616833612E-00017
                   6      0.181293598358906E-00017
                   7      0.181569071168001E-00017
                   8      0.181875778429529E-00017
                   9      0.182208168708231E-00017
                  10      0.182560481944579E-00017
                  11      0.182926835900696E-00017
                  12      0.183301299520729E-00017
                  13      0.183677960159361E-00017
                  14      0.184050987501759E-00017
                  15      0.184414694180578E-00017
                  16      0.184763596037365E-00017
                  17      0.185092477638075E-00017
                  18      0.185396461585062E-00017
                  19      0.185671071306782E-00017
                  20      0.185912282166932E-00017
                  21      0.186116568390435E-00017
                  22      0.186280950359410E-00017
                  23      0.186403032074202E-00017
                  24      0.186481014677264E-00017
                  25      0.186513672161595E-00017
                  26      0.186512785033643E-00017
                  27      0.186476902214819E-00017
                  28      0.186395710850189E-00017
                  29      0.186270434765890E-00017
                  30      0.186102884903161E-00017
                  31      0.185895470686757E-00017
                  32      0.185651177724049E-00017
                  33      0.185373531586312E-00017
                  34      0.185066555757295E-00017
                  35      0.184734724316198E-00017
                  36      0.184382908391176E-00017
                  37      0.184016319232775E-00017
                  38      0.183640450875624E-00017
                  39      0.183261018713470E-00017
                  40      0.182883888588334E-00017
                  41      0.182515001804029E-00017
                  42      0.182160305939988E-00017
                  43      0.181825688634838E-00017
                  44      0.181516906071331E-00017
                  45      0.181239509959984E-00017
                  46      0.180998787529698E-00017
                  47      0.180799724126594E-00017
                  48      0.180646932853151E-00017
                  49      0.180544279939976E-00017
                  50      0.180498809007576E-00017
