                   1      0.180443275240394E-00017
                   2      0.180481034487817E-00017
                   3      0.180576385404244E-00017
                   4      0.180722672730604E-00017
                   5      0.180915754886747E-00017
                   6      0.181150960893808E-00017
                   7      0.181423302745436E-00017
                   8      0.181727514955746E-00017
                   9      0.182058074704495E-00017
                  10      0.182409254740172E-00017
                  11      0.182775189574122E-00017
                  12      0.183149943341992E-00017
                  13      0.183527584355394E-00017
                  14      0.183902262202861E-00017
                  15      0.184268276809073E-00017
                  16      0.184620138053090E-00017
                  17      0.184952623694038E-00017
                  18      0.185260840457317E-00017
                  19      0.185540284577662E-00017
                  20      0.185786895774223E-00017
                  21      0.185997103461115E-00017
                  22      0.186167869499851E-00017
                  23      0.186296730446624E-00017
                  24      0.186381829604115E-00017
                  25      0.186421899034540E-00017
                  26      0.186422976234167E-00017
                  27      0.186385933547109E-00017
                  28      0.186303832855213E-00017
                  29      0.186177960065843E-00017
                  30      0.186010166235679E-00017
                  31      0.185802904013790E-00017
                  32      0.185559200913515E-00017
                  33      0.185282618774920E-00017
                  34      0.184977209030689E-00017
                  35      0.184647463573303E-00017
                  36      0.184298261360607E-00017
                  37      0.183934813149753E-00017
                  38      0.183562603239135E-00017
                  39      0.183187326957105E-00017
                  40      0.182814826781881E-00017
                  41      0.182451027327408E-00017
                  42      0.182101863127080E-00017
                  43      0.181773198578142E-00017
                  44      0.181470752020431E-00017
                  45      0.181200037171887E-00017
                  46      0.180966327545640E-00017
                  47      0.180774635238171E-00017
                  48      0.180629652183266E-00017
                  49      0.180535543381786E-00017
                  50      0.180498808949887E-00017
