                   1      0.180435552726095E-00017
                   2      0.181287814438181E-00017
                   3      0.182032556638020E-00017
                   4      0.182865355453459E-00017
                   5      0.183725862929088E-00017
                   6      0.184548982007046E-00017
                   7      0.185272207108150E-00017
                   8      0.185840713115826E-00017
                   9      0.186211658599977E-00017
                  10      0.186361488134337E-00017
                  11      0.186370494365300E-00017
                  12      0.186370499748667E-00017
                  13      0.186370264982293E-00017
                  14      0.186304113456918E-00017
                  15      0.186030710441121E-00017
                  16      0.185547432083036E-00017
                  17      0.184889012472295E-00017
                  18      0.184105081611421E-00017
                  19      0.183255523217994E-00017
                  20      0.182407070663816E-00017
                  21      0.181634106217960E-00017
                  22      0.180920869301777E-00017
                  23      0.181045128285032E-00017
                  24      0.181783642658472E-00017
                  25      0.182214622203834E-00017
                  26      0.182345543309251E-00017
                  27      0.182805968216554E-00017
                  28      0.183425868482838E-00017
                  29      0.184168118198566E-00017
                  30      0.184989528688341E-00017
                  31      0.185850626700927E-00017
                  32      0.186714670604133E-00017
                  33      0.187548810662715E-00017
                  34      0.188325327977860E-00017
                  35      0.189022268922014E-00017
                  36      0.189623337206271E-00017
                  37      0.190117231461967E-00017
                  38      0.190496798606429E-00017
                  39      0.190758365560673E-00017
                  40      0.190901517747715E-00017
                  41      0.190930552998603E-00017
                  42      0.190667457054285E-00017
                  43      0.190630729130168E-00017
                  44      0.189380492894940E-00017
                  45      0.187568816562674E-00017
                  46      0.185724553692058E-00017
                  47      0.184054090651033E-00017
                  48      0.182656045306894E-00017
                  49      0.181568753710096E-00017
                  50      0.180498808968540E-00017
