                   1      0.180559567682000E-00017
                   2      0.180612029023910E-00017
                   3      0.180723713387344E-00017
                   4      0.180883221499336E-00017
                   5      0.181087446966011E-00017
                   6      0.181331989501507E-00017
                   7      0.181611889913001E-00017
                   8      0.181921837049537E-00017
                   9      0.182256255660438E-00017
                  10      0.182609375716956E-00017
                  11      0.182975309436568E-00017
                  12      0.183348135655104E-00017
                  13      0.183721971018278E-00017
                  14      0.184091023302263E-00017
                  15      0.184449647568755E-00017
                  16      0.184792415446710E-00017
                  17      0.185114186725386E-00017
                  18      0.185410172963947E-00017
                  19      0.185675992578762E-00017
                  20      0.185907721157301E-00017
                  21      0.186101940083895E-00017
                  22      0.186255782834237E-00017
                  23      0.186366973416214E-00017
                  24      0.186433840984979E-00017
                  25      0.186455774081913E-00017
                  26      0.186455238326833E-00017
                  27      0.186427392610432E-00017
                  28      0.186354260038019E-00017
                  29      0.186236796954077E-00017
                  30      0.186076701055885E-00017
                  31      0.185876287595302E-00017
                  32      0.185638465317835E-00017
                  33      0.185366680136452E-00017
                  34      0.185064860399034E-00017
                  35      0.184737378992238E-00017
                  36      0.184389018372106E-00017
                  37      0.184024922710151E-00017
                  38      0.183650535053004E-00017
                  39      0.183271523735249E-00017
                  40      0.182893710040717E-00017
                  41      0.182523009065479E-00017
                  42      0.182165377701616E-00017
                  43      0.181826749787254E-00017
                  44      0.181512947474303E-00017
                  45      0.181229582269979E-00017
                  46      0.180981971899073E-00017
                  47      0.180775074557091E-00017
                  48      0.180613341255133E-00017
                  49      0.180500005909895E-00017
                  50      0.180443275279079E-00017
