                   1      0.180559567668228E-00017
                   2      0.181356051281607E-00017
                   3      0.182102946287436E-00017
                   4      0.182944321275812E-00017
                   5      0.183816169931780E-00017
                   6      0.184649662707591E-00017
                   7      0.185379372897693E-00017
                   8      0.185948112645215E-00017
                   9      0.186311693992642E-00017
                  10      0.186449036529514E-00017
                  11      0.186456654978190E-00017
                  12      0.186456685126576E-00017
                  13      0.186451795877780E-00017
                  14      0.186329642581421E-00017
                  15      0.185982401452847E-00017
                  16      0.185425971279994E-00017
                  17      0.184702318408876E-00017
                  18      0.183867187327808E-00017
                  19      0.182985102608504E-00017
                  20      0.182124937714801E-00017
                  21      0.181353759570728E-00017
                  22      0.180633358230910E-00017
                  23      0.181317549966625E-00017
                  24      0.182375853759584E-00017
                  25      0.183046328292803E-00017
                  26      0.183046497074731E-00017
                  27      0.183219271535029E-00017
                  28      0.183464262863901E-00017
                  29      0.183871535469653E-00017
                  30      0.184387848856007E-00017
                  31      0.184970794493207E-00017
                  32      0.185585561451498E-00017
                  33      0.186201356866133E-00017
                  34      0.186791662540130E-00017
                  35      0.187334983068435E-00017
                  36      0.187815023418814E-00017
                  37      0.188220222204435E-00017
                  38      0.188542976326255E-00017
                  39      0.188778995635476E-00017
                  40      0.188927050535614E-00017
                  41      0.188989093410404E-00017
                  42      0.188970479919655E-00017
                  43      0.188640252380225E-00017
                  44      0.188405863104959E-00017
                  45      0.187136739902431E-00017
                  46      0.185496742885606E-00017
                  47      0.183885120659482E-00017
                  48      0.182501065358756E-00017
                  49      0.181424973311976E-00017
                  50      0.180435552684959E-00017
