                   1      0.180435552724537E-00017
                   2      0.181283401714256E-00017
                   3      0.182029661628883E-00017
                   4      0.182865947969548E-00017
                   5      0.183731851259736E-00017
                   6      0.184560115271989E-00017
                   7      0.185286643723741E-00017
                   8      0.185855620465261E-00017
                   9      0.186223682469063E-00017
                  10      0.186365587044879E-00017
                  11      0.186370460895749E-00017
                  12      0.186370458218932E-00017
                  13      0.186370254057976E-00017
                  14      0.186291194625217E-00017
                  15      0.185994002845321E-00017
                  16      0.185486549050363E-00017
                  17      0.184806250673949E-00017
                  18      0.184005066327847E-00017
                  19      0.183144996149545E-00017
                  20      0.182292731428405E-00017
                  21      0.181515908884571E-00017
                  22      0.180798869785621E-00017
                  23      0.181169357065785E-00017
                  24      0.182173179694218E-00017
                  25      0.183364266260455E-00017
                  26      0.184222524463751E-00017
                  27      0.184230564688548E-00017
                  28      0.184485049213086E-00017
                  29      0.184712729519651E-00017
                  30      0.185017081711292E-00017
                  31      0.185365782112299E-00017
                  32      0.185733168202150E-00017
                  33      0.186097708844037E-00017
                  34      0.186441265902617E-00017
                  35      0.186749600951499E-00017
                  36      0.187012409739078E-00017
                  37      0.187222878658947E-00017
                  38      0.187377095825291E-00017
                  39      0.187473704761198E-00017
                  40      0.187513943598878E-00017
                  41      0.187501950653427E-00017
                  42      0.187445002321258E-00017
                  43      0.187353683437327E-00017
                  44      0.187087494725116E-00017
                  45      0.186572480366078E-00017
                  46      0.185422365861989E-00017
                  47      0.183997386967184E-00017
                  48      0.182663425362413E-00017
                  49      0.181590442933747E-00017
                  50      0.180559567729430E-00017
