                   1      0.180498808957985E-00017
                   2      0.180557511551734E-00017
                   3      0.180672042574899E-00017
                   4      0.180834802720483E-00017
                   5      0.181042570305851E-00017
                   6      0.181290885513917E-00017
                   7      0.181574791963706E-00017
                   8      0.181888998567406E-00017
                   9      0.182227937200127E-00017
                  10      0.182585824534495E-00017
                  11      0.182956744360942E-00017
                  12      0.183334735559326E-00017
                  13      0.183713869963171E-00017
                  14      0.184088321582746E-00017
                  15      0.184452431571327E-00017
                  16      0.184800765926565E-00017
                  17      0.185128170258469E-00017
                  18      0.185429831099545E-00017
                  19      0.185701341853111E-00017
                  20      0.185938762696952E-00017
                  21      0.186138667550170E-00017
                  22      0.186298179326964E-00017
                  23      0.186414999548305E-00017
                  24      0.186487429107096E-00017
                  25      0.186514521380853E-00017
                  26      0.186514873271447E-00017
                  27      0.186490914655569E-00017
                  28      0.186421711736215E-00017
                  29      0.186308099680048E-00017
                  30      0.186151776009176E-00017
                  31      0.185955032765047E-00017
                  32      0.185720743926332E-00017
                  33      0.185452334183802E-00017
                  34      0.185153734749603E-00017
                  35      0.184829331455723E-00017
                  36      0.184483912475984E-00017
                  37      0.184122618096421E-00017
                  38      0.183750886967131E-00017
                  39      0.183374390596252E-00017
                  40      0.182998957304321E-00017
                  41      0.182630498287010E-00017
                  42      0.182274943540329E-00017
                  43      0.181938180341156E-00017
                  44      0.181625982096765E-00017
                  45      0.181343926094671E-00017
                  46      0.181097313626067E-00017
                  47      0.180891094334564E-00017
                  48      0.180729692290317E-00017
                  49      0.180616243819610E-00017
                  50      0.180559567743956E-00017
