                   1      0.180498808972990E-00017
                   2      0.180803591429898E-00017
                   3      0.181584555261026E-00017
                   4      0.182669262094068E-00017
                   5      0.183867273513304E-00017
                   6      0.184986776843129E-00017
                   7      0.185856431488263E-00017
                   8      0.186345851663638E-00017
                   9      0.186396110283007E-00017
                  10      0.186007077937085E-00017
                  11      0.185213930243714E-00017
                  12      0.184133977299019E-00017
                  13      0.182930398712459E-00017
                  14      0.181792323788175E-00017
                  15      0.180912884639823E-00017
                  16      0.180475020296050E-00017
                  17      0.180718461031980E-00017
                  18      0.181494232153915E-00017
                  19      0.182631159009917E-00017
                  20      0.184149630327534E-00017
                  21      0.185946302704476E-00017
                  22      0.187874747656365E-00017
                  23      0.189779358014780E-00017
                  24      0.191510378941214E-00017
                  25      0.192936719479287E-00017
                  26      0.193953662366081E-00017
                  27      0.194436891389786E-00017
                  28      0.193383862667119E-00017
                  29      0.190739303683533E-00017
                  30      0.187858021484216E-00017
                  31      0.185196830168184E-00017
                  32      0.183023455463813E-00017
                  33      0.181484076219603E-00017
                  34      0.180631749265758E-00017
                  35      0.180459064966550E-00017
                  36      0.180900504765884E-00017
                  37      0.181777210150426E-00017
                  38      0.182912404423015E-00017
                  39      0.184113354648797E-00017
                  40      0.185191110394881E-00017
                  41      0.185982541921838E-00017
                  42      0.186370750626985E-00017
                  43      0.186320430629345E-00017
                  44      0.185833232098226E-00017
                  45      0.184968878165432E-00017
                  46      0.183855939695533E-00017
                  47      0.182662901169764E-00017
                  48      0.181579666086037E-00017
                  49      0.180798741346722E-00017
                  50      0.180498808969785E-00017
