                   1      0.180443275237228E-00017
                   2      0.181006195538252E-00017
                   3      0.181660686269130E-00017
                   4      0.182448012553795E-00017
                   5      0.183305262660633E-00017
                   6      0.184163464743978E-00017
                   7      0.184955213306045E-00017
                   8      0.185619447496822E-00017
                   9      0.186105514262563E-00017
                  10      0.186375733448639E-00017
                  11      0.186426258371474E-00017
                  12      0.186426228999699E-00017
                  13      0.186413125997958E-00017
                  14      0.186225042403914E-00017
                  15      0.185812556684406E-00017
                  16      0.185207753346529E-00017
                  17      0.184456953499848E-00017
                  18      0.183618342929857E-00017
                  19      0.182758288318033E-00017
                  20      0.181946595862414E-00017
                  21      0.181252713064896E-00017
                  22      0.180720731559108E-00017
                  23      0.180940260957281E-00017
                  24      0.180960589488508E-00017
                  25      0.181283513668259E-00017
                  26      0.181902540212446E-00017
                  27      0.182753921302036E-00017
                  28      0.183799673688818E-00017
                  29      0.184993516821660E-00017
                  30      0.186283333838615E-00017
                  31      0.187614146383638E-00017
                  32      0.188931205913341E-00017
                  33      0.190183061805245E-00017
                  34      0.191324445509232E-00017
                  35      0.192318682902304E-00017
                  36      0.193139238139943E-00017
                  37      0.193769977031777E-00017
                  38      0.194203932390365E-00017
                  39      0.194440836286007E-00017
                  40      0.194486373317216E-00017
                  41      0.194047385476777E-00017
                  42      0.192571946491146E-00017
                  43      0.190691849905244E-00017
                  44      0.188614044861767E-00017
                  45      0.186586593068279E-00017
                  46      0.184759457316094E-00017
                  47      0.183211392649062E-00017
                  48      0.181985194039308E-00017
                  49      0.181097387754630E-00017
                  50      0.180435552689859E-00017
