                   1      0.180559567714365E-00017
                   2      0.182016423070325E-00017
                   3      0.182878175296233E-00017
                   4      0.183747744381005E-00017
                   5      0.184572075436611E-00017
                   6      0.185298246567028E-00017
                   7      0.185877070257181E-00017
                   8      0.186270342011505E-00017
                   9      0.186457627378976E-00017
                  10      0.186475162036377E-00017
                  11      0.186478618471525E-00017
                  12      0.186478615598996E-00017
                  13      0.186478612414184E-00017
                  14      0.186475822706215E-00017
                  15      0.186440517898490E-00017
                  16      0.186217273775101E-00017
                  17      0.185788080932236E-00017
                  18      0.185177493835293E-00017
                  19      0.184426819495125E-00017
                  20      0.183585230744493E-00017
                  21      0.182695522241713E-00017
                  22      0.181694408468296E-00017
                  23      0.180632023937593E-00017
                  24      0.181963197053340E-00017
                  25      0.182420692061447E-00017
                  26      0.182618417194014E-00017
                  27      0.183008423881933E-00017
                  28      0.183686817881791E-00017
                  29      0.184479848692260E-00017
                  30      0.185324116037526E-00017
                  31      0.186178538953925E-00017
                  32      0.187010173241594E-00017
                  33      0.187792119201674E-00017
                  34      0.188503974172250E-00017
                  35      0.189131679016559E-00017
                  36      0.189666575386897E-00017
                  37      0.190104014948368E-00017
                  38      0.190441977046957E-00017
                  39      0.190680114071630E-00017
                  40      0.190819802610481E-00017
                  41      0.190866098848493E-00017
                  42      0.190984408800868E-00017
                  43      0.190708912509816E-00017
                  44      0.190049635778981E-00017
                  45      0.188823400053005E-00017
                  46      0.187200598029031E-00017
                  47      0.185470280812842E-00017
                  48      0.183846693871998E-00017
                  49      0.182439874875496E-00017
                  50      0.180498808964546E-00017
