                   1      0.180559567668115E-00017
                   2      0.181397984245806E-00017
                   3      0.182142764484481E-00017
                   4      0.182975470671799E-00017
                   5      0.183837443664542E-00017
                   6      0.184662715002757E-00017
                   7      0.185387593662141E-00017
                   8      0.185956397264662E-00017
                   9      0.186326013511240E-00017
                  10      0.186472343641810E-00017
                  11      0.186478410855213E-00017
                  12      0.186478411327323E-00017
                  13      0.186478120073085E-00017
                  14      0.186397623443936E-00017
                  15      0.186096969679074E-00017
                  16      0.185585018539039E-00017
                  17      0.184899472052263E-00017
                  18      0.184092163414392E-00017
                  19      0.183225046273848E-00017
                  20      0.182366066455947E-00017
                  21      0.181589810685962E-00017
                  22      0.180893361429110E-00017
                  23      0.181084757785060E-00017
                  24      0.181778203003646E-00017
                  25      0.182119835142490E-00017
                  26      0.182276756914183E-00017
                  27      0.182711882014173E-00017
                  28      0.183315050137029E-00017
                  29      0.184046730925025E-00017
                  30      0.184863361206398E-00017
                  31      0.185724721139890E-00017
                  32      0.186593177568880E-00017
                  33      0.187434840953302E-00017
                  34      0.188220841150364E-00017
                  35      0.188928042328419E-00017
                  36      0.189539038495880E-00017
                  37      0.190041592136767E-00017
                  38      0.190427858056092E-00017
                  39      0.190693739386341E-00017
                  40      0.190838609192691E-00017
                  41      0.190866461061125E-00017
                  42      0.190622976761812E-00017
                  43      0.190606137217586E-00017
                  44      0.189317281845306E-00017
                  45      0.187482746840355E-00017
                  46      0.185629967850321E-00017
                  47      0.183956794757568E-00017
                  48      0.182561293092909E-00017
                  49      0.181480256291342E-00017
                  50      0.180443275216578E-00017
