                   1      0.180435552697057E-00017
                   2      0.183131765020458E-00017
                   3      0.184045955358634E-00017
                   4      0.184854583879181E-00017
                   5      0.185517011454451E-00017
                   6      0.185995046174090E-00017
                   7      0.186276992439304E-00017
                   8      0.186385675875492E-00017
                   9      0.186401699171138E-00017
                  10      0.186402093597144E-00017
                  11      0.186402096668383E-00017
                  12      0.186402096654461E-00017
                  13      0.186402096633186E-00017
                  14      0.186402096448850E-00017
                  15      0.186402087938785E-00017
                  16      0.186401209488986E-00017
                  17      0.186377176462781E-00017
                  18      0.186245351839841E-00017
                  19      0.185917448024758E-00017
                  20      0.185366442081351E-00017
                  21      0.184567480077085E-00017
                  22      0.181807306343137E-00017
                  23      0.183334426690082E-00017
                  24      0.185267456010679E-00017
                  25      0.187098442459791E-00017
                  26      0.188733432031193E-00017
                  27      0.190316083428605E-00017
                  28      0.191799474904143E-00017
                  29      0.193144484370090E-00017
                  30      0.194320801962954E-00017
                  31      0.195308806763515E-00017
                  32      0.196101748498103E-00017
                  33      0.196706877253857E-00017
                  34      0.197143424186986E-00017
                  35      0.197438928335570E-00017
                  36      0.197633330074599E-00017
                  37      0.197653171985466E-00017
                  38      0.197653196664930E-00017
                  39      0.197608058840054E-00017
                  40      0.197587928043857E-00017
                  41      0.197491581045531E-00017
                  42      0.197038849512213E-00017
                  43      0.196055477480844E-00017
                  44      0.194585759121917E-00017
                  45      0.192768571489609E-00017
                  46      0.190745007288984E-00017
                  47      0.188647214225421E-00017
                  48      0.186592420220590E-00017
                  49      0.184648924285100E-00017
                  50      0.180443275262580E-00017
