                   1      0.180498808931228E-00017
                   2      0.181446228695676E-00017
                   3      0.182225230718809E-00017
                   4      0.183078384811342E-00017
                   5      0.183942474501172E-00017
                   6      0.184753473509540E-00017
                   7      0.185450004694324E-00017
                   8      0.185979527521702E-00017
                   9      0.186302446957194E-00017
                  10      0.186399666821250E-00017
                  11      0.186399846341864E-00017
                  12      0.186399853427735E-00017
                  13      0.186399853005618E-00017
                  14      0.186351761657063E-00017
                  15      0.186092060781417E-00017
                  16      0.185616936199088E-00017
                  17      0.184960908275179E-00017
                  18      0.184173078583210E-00017
                  19      0.183312406966576E-00017
                  20      0.182444678927266E-00017
                  21      0.181643282791602E-00017
                  22      0.180835991183462E-00017
                  23      0.181292376865974E-00017
                  24      0.182278284673646E-00017
                  25      0.182954677840457E-00017
                  26      0.183047044077757E-00017
                  27      0.183296028896951E-00017
                  28      0.183659303162959E-00017
                  29      0.184132261151424E-00017
                  30      0.184687807987261E-00017
                  31      0.185289610092379E-00017
                  32      0.185905193019297E-00017
                  33      0.186506674675885E-00017
                  34      0.187071344239629E-00017
                  35      0.187581791125518E-00017
                  36      0.188025378923446E-00017
                  37      0.188393342022353E-00017
                  38      0.188679964334229E-00017
                  39      0.188882165594576E-00017
                  40      0.188999540928737E-00017
                  41      0.189034670104218E-00017
                  42      0.188996360368393E-00017
                  43      0.188723947702644E-00017
                  44      0.188665420400874E-00017
                  45      0.187634611046212E-00017
                  46      0.185959711000711E-00017
                  47      0.184279305047830E-00017
                  48      0.182817196740736E-00017
                  49      0.181651991658710E-00017
                  50      0.180443275260181E-00017
