                   1      0.180443275272995E-00017
                   2      0.181228952452978E-00017
                   3      0.181957254500879E-00017
                   4      0.182781464295706E-00017
                   5      0.183638975099005E-00017
                   6      0.184465500677204E-00017
                   7      0.185198554686186E-00017
                   8      0.185783274014451E-00017
                   9      0.186176759460162E-00017
                  10      0.186354186538047E-00017
                  11      0.186370467226356E-00017
                  12      0.186370466091380E-00017
                  13      0.186370006411793E-00017
                  14      0.186299399979330E-00017
                  15      0.186018796211809E-00017
                  16      0.185529911535060E-00017
                  17      0.184867980367766E-00017
                  18      0.184082487003650E-00017
                  19      0.183232933402799E-00017
                  20      0.182385592945735E-00017
                  21      0.181611713465510E-00017
                  22      0.180881605476535E-00017
                  23      0.180883490151952E-00017
                  24      0.181669943892950E-00017
                  25      0.182160309640783E-00017
                  26      0.182313506494287E-00017
                  27      0.182770279035603E-00017
                  28      0.183376711305126E-00017
                  29      0.184108390501020E-00017
                  30      0.184924084539800E-00017
                  31      0.185784296751376E-00017
                  32      0.186651964025165E-00017
                  33      0.187493602521673E-00017
                  34      0.188280606427744E-00017
                  35      0.188990000752650E-00017
                  36      0.189604478000636E-00017
                  37      0.190111859982063E-00017
                  38      0.190504318284001E-00017
                  39      0.190777711723087E-00017
                  40      0.190931354034861E-00017
                  41      0.190969712173402E-00017
                  42      0.190665876248440E-00017
                  43      0.190460009857477E-00017
                  44      0.189141648980064E-00017
                  45      0.187381733109783E-00017
                  46      0.185586017792208E-00017
                  47      0.183956755697266E-00017
                  48      0.182593938207984E-00017
                  49      0.181539635744239E-00017
                  50      0.180559567703708E-00017
