                   1      0.180443275243292E-00017
                   2      0.180733596954045E-00017
                   3      0.181493949441727E-00017
                   4      0.182558758791640E-00017
                   5      0.183745376209868E-00017
                   6      0.184869999575287E-00017
                   7      0.185766553907805E-00017
                   8      0.186305697837019E-00017
                   9      0.186414287870221E-00017
                  10      0.186082973387136E-00017
                  11      0.185350853226608E-00017
                  12      0.184323497991980E-00017
                  13      0.183151952847165E-00017
                  14      0.182014479131100E-00017
                  15      0.181097523971941E-00017
                  16      0.180578543669714E-00017
                  17      0.180617673022014E-00017
                  18      0.181271112933872E-00017
                  19      0.182449211138746E-00017
                  20      0.183770578278012E-00017
                  21      0.184551879716392E-00017
                  22      0.185204877129820E-00017
                  23      0.185877928058527E-00017
                  24      0.186533700800385E-00017
                  25      0.187117580677734E-00017
                  26      0.187584625107389E-00017
                  27      0.187905475554408E-00017
                  28      0.188067636196915E-00017
                  29      0.187962929646737E-00017
                  30      0.186337794886075E-00017
                  31      0.184319941162461E-00017
                  32      0.182502572947449E-00017
                  33      0.181204503804314E-00017
                  34      0.180540672377692E-00017
                  35      0.180509163577652E-00017
                  36      0.181029724654002E-00017
                  37      0.181946279736481E-00017
                  38      0.183083618994738E-00017
                  39      0.184255953554065E-00017
                  40      0.185285431476424E-00017
                  41      0.186021247183148E-00017
                  42      0.186358144676972E-00017
                  43      0.186257498794538E-00017
                  44      0.185729194412530E-00017
                  45      0.184845029150768E-00017
                  46      0.183731394682236E-00017
                  47      0.182551768515271E-00017
                  48      0.181489504281218E-00017
                  49      0.180729862318433E-00017
                  50      0.180443275237604E-00017
