                   1      0.180443275257385E-00017
                   2      0.180499192294547E-00017
                   3      0.180612033250440E-00017
                   4      0.180773337049683E-00017
                   5      0.180979859149737E-00017
                   6      0.181227129076627E-00017
                   7      0.181510165684800E-00017
                   8      0.181823644270974E-00017
                   9      0.182161964327593E-00017
                  10      0.182519323106739E-00017
                  11      0.182889805542293E-00017
                  12      0.183267467810139E-00017
                  13      0.183646403288851E-00017
                  14      0.184020799430548E-00017
                  15      0.184384996021901E-00017
                  16      0.184733550302596E-00017
                  17      0.185061307157350E-00017
                  18      0.185363463963797E-00017
                  19      0.185635625484989E-00017
                  20      0.185873855198707E-00017
                  21      0.186074722693180E-00017
                  22      0.186235338800933E-00017
                  23      0.186353379362887E-00017
                  24      0.186427099382102E-00017
                  25      0.186455406731343E-00017
                  26      0.186456012145298E-00017
                  27      0.186433443850129E-00017
                  28      0.186365997306954E-00017
                  29      0.186254239535263E-00017
                  30      0.186099855477387E-00017
                  31      0.185905136405944E-00017
                  32      0.185672952217970E-00017
                  33      0.185406717319472E-00017
                  34      0.185110352713081E-00017
                  35      0.184788241187745E-00017
                  36      0.184445175651808E-00017
                  37      0.184086299862211E-00017
                  38      0.183717042859445E-00017
                  39      0.183343054202690E-00017
                  40      0.182970144587654E-00017
                  41      0.182604228221275E-00017
                  42      0.182251259145739E-00017
                  43      0.181917153739381E-00017
                  44      0.181607697999372E-00017
                  45      0.181328453322513E-00017
                  46      0.181084680950181E-00017
                  47      0.180881277181024E-00017
                  48      0.180722601101558E-00017
                  49      0.180611696535595E-00017
                  50      0.180559567664083E-00017
