                   1      0.180443275247364E-00017
                   2      0.180497818134097E-00017
                   3      0.180609706051039E-00017
                   4      0.180769439561694E-00017
                   5      0.180973958722254E-00017
                   6      0.181218862307345E-00017
                   7      0.181499201684434E-00017
                   8      0.181809669036869E-00017
                   9      0.182144688484287E-00017
                  10      0.182498495690096E-00017
                  11      0.182865213215353E-00017
                  12      0.183238924439399E-00017
                  13      0.183613743131636E-00017
                  14      0.183983877830964E-00017
                  15      0.184343694734114E-00017
                  16      0.184687778868712E-00017
                  17      0.185010996319218E-00017
                  18      0.185308561117580E-00017
                  19      0.185576099359975E-00017
                  20      0.185809702656865E-00017
                  21      0.186005973120016E-00017
                  22      0.186162061590739E-00017
                  23      0.186275696861526E-00017
                  24      0.186345201384856E-00017
                  25      0.186369781726197E-00017
                  26      0.186369729325444E-00017
                  27      0.186344804828262E-00017
                  28      0.186274848570501E-00017
                  29      0.186160745739888E-00017
                  30      0.186004188317126E-00017
                  31      0.185807457828461E-00017
                  32      0.185573412342220E-00017
                  33      0.185305453878965E-00017
                  34      0.185007487791784E-00017
                  35      0.184683877492086E-00017
                  36      0.184339396240570E-00017
                  37      0.183979173644831E-00017
                  38      0.183608633507639E-00017
                  39      0.183233424905019E-00017
                  40      0.182859351796130E-00017
                  41      0.182492305046112E-00017
                  42      0.182138198759068E-00017
                  43      0.181802908582877E-00017
                  44      0.181492203287634E-00017
                  45      0.181211664856476E-00017
                  46      0.180966607152961E-00017
                  47      0.180761996385991E-00017
                  48      0.180602281777733E-00017
                  49      0.180490605690152E-00017
                  50      0.180435552692694E-00017
