                   1      0.180498808964353E-00017
                   2      0.180634741437306E-00017
                   3      0.181008814223498E-00017
                   4      0.181573211907918E-00017
                   5      0.182275116014469E-00017
                   6      0.183057941763318E-00017
                   7      0.183863151445008E-00017
                   8      0.184633193411103E-00017
                   9      0.185314602322426E-00017
                  10      0.185860919673331E-00017
                  11      0.186235289128527E-00017
                  12      0.186412628456109E-00017
                  13      0.186386314427821E-00017
                  14      0.186155810205151E-00017
                  15      0.185733014891029E-00017
                  16      0.185145930370573E-00017
                  17      0.184433898251734E-00017
                  18      0.183645487602278E-00017
                  19      0.182835521159889E-00017
                  20      0.182145503839327E-00017
                  21      0.181586961515824E-00017
                  22      0.181297885257091E-00017
                  23      0.181721923159542E-00017
                  24      0.182408905997279E-00017
                  25      0.183473260256796E-00017
                  26      0.184800231935648E-00017
                  27      0.186334992869666E-00017
                  28      0.188006494254839E-00017
                  29      0.189746709565340E-00017
                  30      0.191487825920693E-00017
                  31      0.193165224774279E-00017
                  32      0.194718444140551E-00017
                  33      0.196092613739588E-00017
                  34      0.197240272665909E-00017
                  35      0.198121816654105E-00017
                  36      0.198701425645608E-00017
                  37      0.198777838795502E-00017
                  38      0.197603354385486E-00017
                  39      0.195915654771596E-00017
                  40      0.193951856035591E-00017
                  41      0.191863710569326E-00017
                  42      0.189771716375672E-00017
                  43      0.187769935443638E-00017
                  44      0.185931920278236E-00017
                  45      0.184314889235131E-00017
                  46      0.182961637016249E-00017
                  47      0.181900916179045E-00017
                  48      0.181147537891241E-00017
                  49      0.180703502841520E-00017
                  50      0.180559567631717E-00017
