                   1      0.204391377132338E-00016
                   2      0.204428948215213E-00016
                   3      0.204542662820565E-00016
                   4      0.204729198159595E-00016
                   5      0.204987596484069E-00016
                   6      0.205314699784459E-00016
                   7      0.205705150737980E-00016
                   8      0.206152459085583E-00016
                   9      0.206648808502626E-00016
                  10      0.207184900879524E-00016
                  11      0.207750065143259E-00016
                  12      0.208332821625966E-00016
                  13      0.208921582412755E-00016
                  14      0.209504830446120E-00016
                  15      0.210071109114639E-00016
                  16      0.210609693164512E-00016
                  17      0.211111792067500E-00016
                  18      0.211570968776491E-00016
                  19      0.211982485955550E-00016
                  20      0.212342783569470E-00016
                  21      0.212649070940546E-00016
                  22      0.212898799625185E-00016
                  23      0.213089682253029E-00016
                  24      0.213219976521151E-00016
                  25      0.213288531219004E-00016
                  26      0.213295292101976E-00016
                  27      0.213241148137349E-00016
                  28      0.213125102160428E-00016
                  29      0.212947569906835E-00016
                  30      0.212709751861961E-00016
                  31      0.212413667671311E-00016
                  32      0.212061958951699E-00016
                  33      0.211657543327801E-00016
                  34      0.211203794528435E-00016
                  35      0.210705147846774E-00016
                  36      0.210167792546212E-00016
                  37      0.209600245911129E-00016
                  38      0.209013260699188E-00016
                  39      0.208419000061640E-00016
                  40      0.207830090469812E-00016
                  41      0.207258902456807E-00016
                  42      0.206717048258495E-00016
                  43      0.206215061666451E-00016
                  44      0.205762219276403E-00016
                  45      0.205366480347013E-00016
                  46      0.205034592605272E-00016
                  47      0.204772443152809E-00016
                  48      0.204582833497072E-00016
                  49      0.204486029130230E-00016
                  50      0.204568833685430E-00016
