                   1      0.214827320548826E-00016
                   2      0.214776825630147E-00016
                   3      0.214812416267759E-00016
                   4      0.214864760456703E-00016
                   5      0.214798682497604E-00016
                   6      0.214796919032644E-00016
                   7      0.214796839920634E-00016
                   8      0.214796502032616E-00016
                   9      0.214795845252295E-00016
                  10      0.214795214911265E-00016
                  11      0.214794881335079E-00016
                  12      0.214794799676652E-00016
                  13      0.214793953807819E-00016
                  14      0.214784160937658E-00016
                  15      0.214785160543749E-00016
                  16      0.214778133365858E-00016
                  17      0.214742639952120E-00016
                  18      0.214640888901399E-00016
                  19      0.214435742392175E-00016
                  20      0.213858597155345E-00016
                  21      0.212769220702349E-00016
                  22      0.211123676501413E-00016
                  23      0.209091563452051E-00016
                  24      0.205102487785034E-00016
                  25      0.212988930025288E-00016
                  26      0.213340822397212E-00016
                  27      0.213520592463972E-00016
                  28      0.213761756119337E-00016
                  29      0.213952352637795E-00016
                  30      0.214090758683810E-00016
                  31      0.214200413586410E-00016
                  32      0.214308479660086E-00016
                  33      0.214436965540844E-00016
                  34      0.214553247356318E-00016
                  35      0.214646356064116E-00016
                  36      0.214719993251779E-00016
                  37      0.214776473083972E-00016
                  38      0.214820679161564E-00016
                  39      0.214844921839383E-00016
                  40      0.214859245843303E-00016
                  41      0.214856313760934E-00016
                  42      0.214816391315358E-00016
                  43      0.214609646598911E-00016
                  44      0.214755024411901E-00016
                  45      0.214757210889616E-00016
                  46      0.214756946700640E-00016
                  47      0.214754692058056E-00016
                  48      0.214752518311815E-00016
                  49      0.214852090747426E-00016
                  50      0.214749971997768E-00016
