                   1      0.204391416794831E-00016
                   2      0.204431637364729E-00016
                   3      0.204548851267109E-00016
                   4      0.204739580967738E-00016
                   5      0.205002545797685E-00016
                   6      0.205333847418922E-00016
                   7      0.205727473577757E-00016
                   8      0.206176110792394E-00016
                   9      0.206671319365031E-00016
                  10      0.207204369168237E-00016
                  11      0.207766162922213E-00016
                  12      0.208346087355002E-00016
                  13      0.208931973347224E-00016
                  14      0.209511335307667E-00016
                  15      0.210072650602537E-00016
                  16      0.210606291703540E-00016
                  17      0.211104821652464E-00016
                  18      0.211562440778807E-00016
                  19      0.211974285296573E-00016
                  20      0.212336298756336E-00016
                  21      0.212645239943954E-00016
                  22      0.212898380097197E-00016
                  23      0.213093295174574E-00016
                  24      0.213228031204987E-00016
                  25      0.213301223215916E-00016
                  26      0.213313506960196E-00016
                  27      0.213267424813407E-00016
                  28      0.213159373074548E-00016
                  29      0.212989606372788E-00016
                  30      0.212759180384555E-00016
                  31      0.212469565204046E-00016
                  32      0.212122845830609E-00016
                  33      0.211722045224404E-00016
                  34      0.211270928403803E-00016
                  35      0.210773784640370E-00016
                  36      0.210236288925248E-00016
                  37      0.209666707549906E-00016
                  38      0.209075792821868E-00016
                  39      0.208475751632036E-00016
                  40      0.207879364499067E-00016
                  41      0.207299331947672E-00016
                  42      0.206747659252258E-00016
                  43      0.206235247366881E-00016
                  44      0.205771750208755E-00016
                  45      0.205365509595240E-00016
                  46      0.205023449296137E-00016
                  47      0.204751233926872E-00016
                  48      0.204551338130600E-00016
                  49      0.204447758733763E-00016
                  50      0.204496512775775E-00016
