                   1      0.213809558973788E-00016
                   2      0.213854780469898E-00016
                   3      0.213989283545428E-00016
                   4      0.214207770644523E-00016
                   5      0.214507956603568E-00016
                   6      0.214887798306463E-00016
                   7      0.215335111725508E-00016
                   8      0.215841533851759E-00016
                   9      0.216398807875915E-00016
                  10      0.216994106795062E-00016
                  11      0.217611922900635E-00016
                  12      0.218248623300845E-00016
                  13      0.218912818016601E-00016
                  14      0.219600228704033E-00016
                  15      0.220293700471859E-00016
                  16      0.220972274473089E-00016
                  17      0.221617702937081E-00016
                  18      0.222217003350330E-00016
                  19      0.222760893366833E-00016
                  20      0.223242712797498E-00016
                  21      0.223657425423536E-00016
                  22      0.224000753491911E-00016
                  23      0.224269000129860E-00016
                  24      0.224459213769160E-00016
                  25      0.224569026743210E-00016
                  26      0.224598880837068E-00016
                  27      0.224550180168004E-00016
                  28      0.224421156786865E-00016
                  29      0.224211089207470E-00016
                  30      0.223921771368245E-00016
                  31      0.223555728395168E-00016
                  32      0.223116123299578E-00016
                  33      0.222606802839426E-00016
                  34      0.222032747545708E-00016
                  35      0.221401194926169E-00016
                  36      0.220722447450258E-00016
                  37      0.220009617113331E-00016
                  38      0.219277714874037E-00016
                  39      0.218542596883680E-00016
                  40      0.217819989633515E-00016
                  41      0.217124748241413E-00016
                  42      0.216470382906592E-00016
                  43      0.215868785628312E-00016
                  44      0.215330118899157E-00016
                  45      0.214863169894757E-00016
                  46      0.214477265112524E-00016
                  47      0.214172274146975E-00016
                  48      0.213951587395707E-00016
                  49      0.213845561948734E-00016
                  50      0.213899890467732E-00016
