                   1      0.227740606705214E-00016
                   2      0.227656356500170E-00016
                   3      0.227615047034948E-00016
                   4      0.227547789288810E-00016
                   5      0.227439856329086E-00016
                   6      0.227279954213261E-00016
                   7      0.227056312344370E-00016
                   8      0.226753902514229E-00016
                   9      0.226360850528907E-00016
                  10      0.225870744970345E-00016
                  11      0.225280648058545E-00016
                  12      0.224591975856281E-00016
                  13      0.223809952256754E-00016
                  14      0.222963539116132E-00016
                  15      0.222056240386369E-00016
                  16      0.221103992982152E-00016
                  17      0.220158473009164E-00016
                  18      0.219220810675648E-00016
                  19      0.218323465063975E-00016
                  20      0.217501634665017E-00016
                  21      0.216764415222181E-00016
                  22      0.216173463153847E-00016
                  23      0.215695418984101E-00016
                  24      0.215380864676002E-00016
                  25      0.215411518785071E-00016
                  26      0.215688477106324E-00016
                  27      0.216119823841785E-00016
                  28      0.216735158884653E-00016
                  29      0.217521529970640E-00016
                  30      0.218475400708029E-00016
                  31      0.219560331117065E-00016
                  32      0.220760146950482E-00016
                  33      0.222025881465408E-00016
                  34      0.223293598282463E-00016
                  35      0.224455996803116E-00016
                  36      0.225409401222512E-00016
                  37      0.226144909889149E-00016
                  38      0.226709813048067E-00016
                  39      0.227121694737602E-00016
                  40      0.227392802157451E-00016
                  41      0.227544467492568E-00016
                  42      0.227609668046680E-00016
                  43      0.227633261045578E-00016
                  44      0.227646730460704E-00016
                  45      0.227664470781822E-00016
                  46      0.227689538727948E-00016
                  47      0.227706185409182E-00016
                  48      0.227710567775497E-00016
                  49      0.227706995443322E-00016
                  50      0.227700311122635E-00016
