                   1      0.213809571723190E-00016
                   2      0.213860427062198E-00016
                   3      0.214000050536151E-00016
                   4      0.214221668217307E-00016
                   5      0.214521571969349E-00016
                   6      0.214901574285979E-00016
                   7      0.215356353071769E-00016
                   8      0.215878800502659E-00016
                   9      0.216460615762682E-00016
                  10      0.217092382031669E-00016
                  11      0.217763867918474E-00016
                  12      0.218463498221475E-00016
                  13      0.219178342910017E-00016
                  14      0.219894264680756E-00016
                  15      0.220596732169551E-00016
                  16      0.221271985401619E-00016
                  17      0.221908039200157E-00016
                  18      0.222495135343876E-00016
                  19      0.223025610575508E-00016
                  20      0.223493431245420E-00016
                  21      0.223893703901299E-00016
                  22      0.224222335662063E-00016
                  23      0.224475869870613E-00016
                  24      0.224651675274283E-00016
                  25      0.224748674633731E-00016
                  26      0.224765631323121E-00016
                  27      0.224711625119584E-00016
                  28      0.224579309325987E-00016
                  29      0.224367349198091E-00016
                  30      0.224076698568608E-00016
                  31      0.223709556162652E-00016
                  32      0.223269008497640E-00016
                  33      0.222759133394286E-00016
                  34      0.222185468452435E-00016
                  35      0.221555580695012E-00016
                  36      0.220879453224513E-00016
                  37      0.220169486936649E-00016
                  38      0.219440031716283E-00016
                  39      0.218706534273905E-00016
                  40      0.217984550844177E-00016
                  41      0.217288902430216E-00016
                  42      0.216633162729499E-00016
                  43      0.216029424423656E-00016
                  44      0.215487794618652E-00016
                  45      0.215016040328603E-00016
                  46      0.214618383106075E-00016
                  47      0.214303913541981E-00016
                  48      0.214074431012903E-00016
                  49      0.213959611120109E-00016
                  50      0.214026847568655E-00016
