                   1      0.189867882779634E-00016
                   2      0.189871987419729E-00016
                   3      0.189891778297892E-00016
                   4      0.189924405106782E-00016
                   5      0.189967912098357E-00016
                   6      0.190019498643341E-00016
                   7      0.190076439661012E-00016
                   8      0.190135855215539E-00016
                   9      0.190195360342744E-00016
                  10      0.190253237340058E-00016
                  11      0.190308208511270E-00016
                  12      0.190356346229837E-00016
                  13      0.190379317928009E-00016
                  14      0.190410425174161E-00016
                  15      0.190446779314761E-00016
                  16      0.190485018359949E-00016
                  17      0.190521738885986E-00016
                  18      0.190557328120960E-00016
                  19      0.190594089826749E-00016
                  20      0.190638868433864E-00016
                  21      0.190671165598906E-00016
                  22      0.190687391678748E-00016
                  23      0.190685629984798E-00016
                  24      0.190664291454602E-00016
                  25      0.190621937375568E-00016
                  26      0.190557507282743E-00016
                  27      0.190470395376801E-00016
                  28      0.190360269428252E-00016
                  29      0.190227101017095E-00016
                  30      0.190071322079994E-00016
                  31      0.189893626191607E-00016
                  32      0.189695334245765E-00016
                  33      0.189478490075550E-00016
                  34      0.189245423000886E-00016
                  35      0.188998177067304E-00016
                  36      0.188740163311467E-00016
                  37      0.188475344160161E-00016
                  38      0.188207378211092E-00016
                  39      0.187940391878300E-00016
                  40      0.187678710015198E-00016
                  41      0.187426308778292E-00016
                  42      0.187187425031051E-00016
                  43      0.186966041491114E-00016
                  44      0.186765790245793E-00016
                  45      0.186590046263137E-00016
                  46      0.186441509003941E-00016
                  47      0.186322983804082E-00016
                  48      0.186236443344840E-00016
                  49      0.186184058819992E-00016
                  50      0.186166333132918E-00016
