                   1      0.189956008013891E-00016
                   2      0.189931429678786E-00016
                   3      0.190016589033783E-00016
                   4      0.190143167095837E-00016
                   5      0.190293606830749E-00016
                   6      0.190447454365521E-00016
                   7      0.190582258499150E-00016
                   8      0.190677289705206E-00016
                   9      0.190713699739223E-00016
                  10      0.190676369037039E-00016
                  11      0.190554241071623E-00016
                  12      0.190341290812634E-00016
                  13      0.190037071397755E-00016
                  14      0.189648190127248E-00016
                  15      0.189187841168626E-00016
                  16      0.188676845552587E-00016
                  17      0.188142999545523E-00016
                  18      0.187618167112281E-00016
                  19      0.187136845590506E-00016
                  20      0.186729883281159E-00016
                  21      0.186422963642306E-00016
                  22      0.186236813959626E-00016
                  23      0.186184547497360E-00016
                  24      0.186273991781455E-00016
                  25      0.186549795676017E-00016
                  26      0.187094047899924E-00016
                  27      0.187815185540285E-00016
                  28      0.188611184609975E-00016
                  29      0.189394044050063E-00016
                  30      0.190092733353383E-00016
                  31      0.190655383407244E-00016
                  32      0.191050694976882E-00016
                  33      0.191268579872803E-00016
                  34      0.191320078192680E-00016
                  35      0.191236608187600E-00016
                  36      0.191068606524890E-00016
                  37      0.190883618298147E-00016
                  38      0.190764034702099E-00016
                  39      0.190724943536869E-00016
                  40      0.190674041594456E-00016
                  41      0.190623168090361E-00016
                  42      0.190570164926861E-00016
                  43      0.190506853207600E-00016
                  44      0.190427549025139E-00016
                  45      0.190330911201551E-00016
                  46      0.190218713834615E-00016
                  47      0.190098295394410E-00016
                  48      0.189988176126958E-00016
                  49      0.189909772171698E-00016
                  50      0.189883287576736E-00016
