                   1      0.186162673430588E-00016
                   2      0.186199982875194E-00016
                   3      0.186306598903819E-00016
                   4      0.186478981002908E-00016
                   5      0.186711654542084E-00016
                   6      0.186996844366101E-00016
                   7      0.187324802379160E-00016
                   8      0.187684539080772E-00016
                   9      0.188061488919620E-00016
                  10      0.188445800491524E-00016
                  11      0.188823707678506E-00016
                  12      0.189184460216828E-00016
                  13      0.189509317189592E-00016
                  14      0.189804341617579E-00016
                  15      0.190047765400539E-00016
                  16      0.190255139513562E-00016
                  17      0.190412553025836E-00016
                  18      0.190526612186881E-00016
                  19      0.190598379711763E-00016
                  20      0.190625458675028E-00016
                  21      0.190670556691851E-00016
                  22      0.190726247777698E-00016
                  23      0.190782002649689E-00016
                  24      0.190830685339942E-00016
                  25      0.190868654973309E-00016
                  26      0.190895797626311E-00016
                  27      0.190915504087200E-00016
                  28      0.190934637694741E-00016
                  29      0.190968514400995E-00016
                  30      0.190984846612188E-00016
                  31      0.190958970919287E-00016
                  32      0.190890592573290E-00016
                  33      0.190780864693107E-00016
                  34      0.190628828502578E-00016
                  35      0.190435825374912E-00016
                  36      0.190203481163376E-00016
                  37      0.189934170017463E-00016
                  38      0.189628684906543E-00016
                  39      0.189290761339891E-00016
                  40      0.188924058997271E-00016
                  41      0.188539021089112E-00016
                  42      0.188144198203375E-00016
                  43      0.187755290110571E-00016
                  44      0.187389474841029E-00016
                  45      0.187054551932700E-00016
                  46      0.186765707306104E-00016
                  47      0.186531500222348E-00016
                  48      0.186360108205292E-00016
                  49      0.186257329727026E-00016
                  50      0.186336785798872E-00016
