                   1      0.186162685514111E-00016
                   2      0.186185572946439E-00016
                   3      0.186255944973555E-00016
                   4      0.186371855426376E-00016
                   5      0.186532400649265E-00016
                   6      0.186733903810595E-00016
                   7      0.186972169193419E-00016
                   8      0.187241815206944E-00016
                   9      0.187536426140914E-00016
                  10      0.187848894662473E-00016
                  11      0.188171484513010E-00016
                  12      0.188496113772955E-00016
                  13      0.188815577081792E-00016
                  14      0.189124054861692E-00016
                  15      0.189416856279241E-00016
                  16      0.189690203172326E-00016
                  17      0.189941163880453E-00016
                  18      0.190167372045472E-00016
                  19      0.190367202335577E-00016
                  20      0.190540035856436E-00016
                  21      0.190686346796055E-00016
                  22      0.190805887963661E-00016
                  23      0.190897145037776E-00016
                  24      0.190958868802391E-00016
                  25      0.190991024987635E-00016
                  26      0.190993863667147E-00016
                  27      0.190967850683187E-00016
                  28      0.190912570743626E-00016
                  29      0.190828174121612E-00016
                  30      0.190714944968248E-00016
                  31      0.190573600180193E-00016
                  32      0.190405254747214E-00016
                  33      0.190210102732527E-00016
                  34      0.189987748995075E-00016
                  35      0.189739375260299E-00016
                  36      0.189467789132629E-00016
                  37      0.189175823025568E-00016
                  38      0.188866502385956E-00016
                  39      0.188544024930255E-00016
                  40      0.188214873634985E-00016
                  41      0.187887215639395E-00016
                  42      0.187569297342198E-00016
                  43      0.187268854545622E-00016
                  44      0.186993088733264E-00016
                  45      0.186748409286312E-00016
                  46      0.186540422498469E-00016
                  47      0.186374520595231E-00016
                  48      0.186252820307160E-00016
                  49      0.186191763544790E-00016
                  50      0.186270355554106E-00016
