                   1      0.676074326144332E-00017
                   2      0.676238382375262E-00017
                   3      0.676649993763389E-00017
                   4      0.677288312026035E-00017
                   5      0.678135217678131E-00017
                   6      0.679170416928035E-00017
                   7      0.680372252424251E-00017
                   8      0.681718042890184E-00017
                   9      0.683184160769167E-00017
                  10      0.684746067002241E-00017
                  11      0.686378442503072E-00017
                  12      0.688055407543837E-00017
                  13      0.689750792280299E-00017
                  14      0.691438429078137E-00017
                  15      0.693092452721071E-00017
                  16      0.694687597971761E-00017
                  17      0.696199492434012E-00017
                  18      0.697604954318656E-00017
                  19      0.698882307167654E-00017
                  20      0.700011712545292E-00017
                  21      0.700975503002543E-00017
                  22      0.701758483957239E-00017
                  23      0.702348169260538E-00017
                  24      0.702734875667982E-00017
                  25      0.702911824513124E-00017
                  26      0.702910871871976E-00017
                  27      0.702730791982150E-00017
                  28      0.702341962733556E-00017
                  29      0.701750185277610E-00017
                  30      0.700964965836215E-00017
                  31      0.699998779453339E-00017
                  32      0.698866831996481E-00017
                  33      0.697586787855298E-00017
                  34      0.696178473283300E-00017
                  35      0.694663562917711E-00017
                  36      0.693065257995809E-00017
                  37      0.691407964001642E-00017
                  38      0.689716974587114E-00017
                  39      0.688018166724848E-00017
                  40      0.686337708404443E-00017
                  41      0.684701777021830E-00017
                  42      0.683136286144494E-00017
                  43      0.681666626506565E-00017
                  44      0.680317449151349E-00017
                  45      0.679112518512031E-00017
                  46      0.678074626828052E-00017
                  47      0.677225455522899E-00017
                  48      0.676585229387753E-00017
                  49      0.676171989971660E-00017
                  50      0.676006215087387E-00017
