                   1      0.112737371715604E-00016
                   2      0.112751393315136E-00016
                   3      0.112793590397734E-00016
                   4      0.112863328571536E-00016
                   5      0.112959867233204E-00016
                   6      0.113082048883635E-00016
                   7      0.113228301935033E-00016
                   8      0.113396676027184E-00016
                   9      0.113584846393562E-00016
                  10      0.113790116765027E-00016
                  11      0.114009423284903E-00016
                  12      0.114239307032415E-00016
                  13      0.114475877962986E-00016
                  14      0.114714876611510E-00016
                  15      0.114951886623543E-00016
                  16      0.115182543531184E-00016
                  17      0.115402614775502E-00016
                  18      0.115608093918855E-00016
                  19      0.115795370351597E-00016
                  20      0.115961335874795E-00016
                  21      0.116103369838568E-00016
                  22      0.116219288056081E-00016
                  23      0.116307326034332E-00016
                  24      0.116366147186099E-00016
                  25      0.116394872013961E-00016
                  26      0.116393076763547E-00016
                  27      0.116360865031803E-00016
                  28      0.116298599810047E-00016
                  29      0.116206993817284E-00016
                  30      0.116087231883081E-00016
                  31      0.115940971986608E-00016
                  32      0.115770372665963E-00016
                  33      0.115578132703038E-00016
                  34      0.115367521720985E-00016
                  35      0.115142361975847E-00016
                  36      0.114906910125725E-00016
                  37      0.114665643370793E-00016
                  38      0.114423025963932E-00016
                  39      0.114183351116990E-00016
                  40      0.113950686144686E-00016
                  41      0.113728843928897E-00016
                  42      0.113521320563125E-00016
                  43      0.113331233057124E-00016
                  44      0.113161293103029E-00016
                  45      0.113013821141261E-00016
                  46      0.112890771173056E-00016
                  47      0.112793704984522E-00016
                  48      0.112723742942950E-00016
                  49      0.112681619912550E-00016
                  50      0.112668028125980E-00016
