                   1      0.114255198793018E-00016
                   2      0.114356184591798E-00016
                   3      0.114479606060295E-00016
                   4      0.114635538265593E-00016
                   5      0.114814515779865E-00016
                   6      0.115006902762252E-00016
                   7      0.115203636079231E-00016
                   8      0.115396609682282E-00016
                   9      0.115578922468140E-00016
                  10      0.115744695806395E-00016
                  11      0.115888395423446E-00016
                  12      0.116007017200473E-00016
                  13      0.116131950261645E-00016
                  14      0.116283895500675E-00016
                  15      0.116283895994922E-00016
                  16      0.116283966286193E-00016
                  17      0.116222385292372E-00016
                  18      0.116321576267284E-00016
                  19      0.116578875221416E-00016
                  20      0.116911088505884E-00016
                  21      0.117303567085156E-00016
                  22      0.117718879336045E-00016
                  23      0.118119382034730E-00016
                  24      0.118482737279930E-00016
                  25      0.118801356383274E-00016
                  26      0.119074846723305E-00016
                  27      0.119302040501160E-00016
                  28      0.119480485296620E-00016
                  29      0.119608956214523E-00016
                  30      0.119688231248563E-00016
                  31      0.119720699477329E-00016
                  32      0.119711804645427E-00016
                  33      0.119663503351761E-00016
                  34      0.119590158922746E-00016
                  35      0.119504329172844E-00016
                  36      0.119401502919701E-00016
                  37      0.119264079018615E-00016
                  38      0.119075608740634E-00016
                  39      0.118826982464023E-00016
                  40      0.118516036893272E-00016
                  41      0.118146237894180E-00016
                  42      0.117725786521970E-00016
                  43      0.117266716863358E-00016
                  44      0.116783957690680E-00016
                  45      0.116294481415589E-00016
                  46      0.115816553601400E-00016
                  47      0.115369023658887E-00016
                  48      0.114970508742175E-00016
                  49      0.114637497328295E-00016
                  50      0.114251133529074E-00016
