                   1      0.114255198794448E-00016
                   2      0.114262587409702E-00016
                   3      0.114284112187350E-00016
                   4      0.114319305814479E-00016
                   5      0.114367730940318E-00016
                   6      0.114428967752885E-00016
                   7      0.114502617511339E-00016
                   8      0.114588303630308E-00016
                   9      0.114685630971669E-00016
                  10      0.114794121425263E-00016
                  11      0.114913118880587E-00016
                  12      0.115041605362612E-00016
                  13      0.115177834848636E-00016
                  14      0.115318749109963E-00016
                  15      0.115459416827807E-00016
                  16      0.115593362360580E-00016
                  17      0.115714626868253E-00016
                  18      0.115820702802994E-00016
                  19      0.115912948567846E-00016
                  20      0.115993556188806E-00016
                  21      0.116062916088631E-00016
                  22      0.116119467482340E-00016
                  23      0.116160586105618E-00016
                  24      0.116183213989519E-00016
                  25      0.116184061693275E-00016
                  26      0.116159265375364E-00016
                  27      0.116106490352913E-00016
                  28      0.116025332066573E-00016
                  29      0.115916649949222E-00016
                  30      0.115782345337326E-00016
                  31      0.115625162658592E-00016
                  32      0.115448470016199E-00016
                  33      0.115256024703492E-00016
                  34      0.115051760206328E-00016
                  35      0.114839623609755E-00016
                  36      0.114623465086208E-00016
                  37      0.114406964062639E-00016
                  38      0.114193577521205E-00016
                  39      0.113986502344129E-00016
                  40      0.113788645758507E-00016
                  41      0.113602599354719E-00016
                  42      0.113430618543846E-00016
                  43      0.113274616687473E-00016
                  44      0.113136183383197E-00016
                  45      0.113016628609107E-00016
                  46      0.112917047046076E-00016
                  47      0.112838395832431E-00016
                  48      0.112781569760736E-00016
                  49      0.112747509320926E-00016
                  50      0.112737371726676E-00016
