                   1      0.167258409323484E-00016
                   2      0.167562225109801E-00016
                   3      0.167676687726026E-00016
                   4      0.167796039927572E-00016
                   5      0.167916507628884E-00016
                   6      0.168031373622532E-00016
                   7      0.168129958986889E-00016
                   8      0.168198741362479E-00016
                   9      0.168243320874592E-00016
                  10      0.168274311987237E-00016
                  11      0.168323196084051E-00016
                  12      0.168323203217513E-00016
                  13      0.168323430249884E-00016
                  14      0.168314691586526E-00016
                  15      0.168306934033901E-00016
                  16      0.168310043518955E-00016
                  17      0.168308072699313E-00016
                  18      0.168296012982179E-00016
                  19      0.168270715711335E-00016
                  20      0.168238368765902E-00016
                  21      0.168202200422182E-00016
                  22      0.168166801551732E-00016
                  23      0.168217964143845E-00016
                  24      0.168278836307977E-00016
                  25      0.168357442695100E-00016
                  26      0.168423861680416E-00016
                  27      0.168479083354217E-00016
                  28      0.168522532628446E-00016
                  29      0.168552177189820E-00016
                  30      0.168570622090927E-00016
                  31      0.168579907549074E-00016
                  32      0.168581927595241E-00016
                  33      0.168579257432376E-00016
                  34      0.168578067656898E-00016
                  35      0.168570921787604E-00016
                  36      0.168559093406050E-00016
                  37      0.168542280616777E-00016
                  38      0.168520370237518E-00016
                  39      0.168491391882158E-00016
                  40      0.168453912845858E-00016
                  41      0.168406079319323E-00016
                  42      0.168345613280097E-00016
                  43      0.168269815129367E-00016
                  44      0.168173484163656E-00016
                  45      0.168054029067136E-00016
                  46      0.167925134137929E-00016
                  47      0.167790382474055E-00016
                  48      0.167643847993649E-00016
                  49      0.167332747166053E-00016
                  50      0.167379610465191E-00016
