                   1      0.165756178813410E-00016
                   2      0.165731288249553E-00016
                   3      0.165800571110631E-00016
                   4      0.165910171775612E-00016
                   5      0.166052732791421E-00016
                   6      0.166219918880233E-00016
                   7      0.166403266412168E-00016
                   8      0.166594598076428E-00016
                   9      0.166788626032984E-00016
                  10      0.166981047720928E-00016
                  11      0.167168546413650E-00016
                  12      0.167349255458617E-00016
                  13      0.167522272757875E-00016
                  14      0.167686886580160E-00016
                  15      0.167843152769366E-00016
                  16      0.167990058542467E-00016
                  17      0.168127476831040E-00016
                  18      0.168254790035406E-00016
                  19      0.168370071325265E-00016
                  20      0.168472861879021E-00016
                  21      0.168561581170968E-00016
                  22      0.168634909735537E-00016
                  23      0.168691556661018E-00016
                  24      0.168730619939360E-00016
                  25      0.168751455233984E-00016
                  26      0.168753576313202E-00016
                  27      0.168737254560301E-00016
                  28      0.168702651405539E-00016
                  29      0.168650257698939E-00016
                  30      0.168581489304269E-00016
                  31      0.168497372938603E-00016
                  32      0.168399940842118E-00016
                  33      0.168287572192450E-00016
                  34      0.168164443559246E-00016
                  35      0.168030578486454E-00016
                  36      0.167885703171238E-00016
                  37      0.167731483787169E-00016
                  38      0.167569035849326E-00016
                  39      0.167397275218161E-00016
                  40      0.167215120095765E-00016
                  41      0.167027460813011E-00016
                  42      0.166833886069831E-00016
                  43      0.166637283875598E-00016
                  44      0.166442757740264E-00016
                  45      0.166257534627811E-00016
                  46      0.166088770851670E-00016
                  47      0.165942263256202E-00016
                  48      0.165831543173204E-00016
                  49      0.165761891875256E-00016
                  50      0.165736708308620E-00016
