                   1      0.167258586376418E-00016
                   2      0.167283731816876E-00016
                   3      0.167348775200176E-00016
                   4      0.167448506527054E-00016
                   5      0.167575163317153E-00016
                   6      0.167718831628480E-00016
                   7      0.167868042095119E-00016
                   8      0.168010898173534E-00016
                   9      0.168136325299847E-00016
                  10      0.168233472754314E-00016
                  11      0.168294782623082E-00016
                  12      0.168313983384829E-00016
                  13      0.168288163866272E-00016
                  14      0.168216411936054E-00016
                  15      0.168098992227280E-00016
                  16      0.167940333735208E-00016
                  17      0.167744226351793E-00016
                  18      0.167517264104729E-00016
                  19      0.167457194667252E-00016
                  20      0.167644418350451E-00016
                  21      0.167862134685120E-00016
                  22      0.168088626510818E-00016
                  23      0.168305597123793E-00016
                  24      0.168498445557965E-00016
                  25      0.168656438189679E-00016
                  26      0.168772796728669E-00016
                  27      0.168844709425424E-00016
                  28      0.168873273855435E-00016
                  29      0.168863380373275E-00016
                  30      0.168823545321996E-00016
                  31      0.168765702698960E-00016
                  32      0.168704978532791E-00016
                  33      0.168659725605495E-00016
                  34      0.168645997214209E-00016
                  35      0.168634806734488E-00016
                  36      0.168614378706538E-00016
                  37      0.168584360364806E-00016
                  38      0.168542189697514E-00016
                  39      0.168485179314221E-00016
                  40      0.168410449338564E-00016
                  41      0.168315633653524E-00016
                  42      0.168199766785617E-00016
                  43      0.168064823851859E-00016
                  44      0.167917707021579E-00016
                  45      0.167766177484418E-00016
                  46      0.167621598796472E-00016
                  47      0.167495411263565E-00016
                  48      0.167397719895283E-00016
                  49      0.167335797814525E-00016
                  50      0.167403325416774E-00016
