                   1      0.165696280436086E-00016
                   2      0.165708058157558E-00016
                   3      0.165737528384460E-00016
                   4      0.165783539022241E-00016
                   5      0.165845424929697E-00016
                   6      0.165922385863780E-00016
                   7      0.166013251144670E-00016
                   8      0.166116656122732E-00016
                   9      0.166231082802210E-00016
                  10      0.166354883106370E-00016
                  11      0.166486295955403E-00016
                  12      0.166623443396678E-00016
                  13      0.166764492964919E-00016
                  14      0.166907562646933E-00016
                  15      0.167050833392040E-00016
                  16      0.167192665937545E-00016
                  17      0.167331553817956E-00016
                  18      0.167466056581907E-00016
                  19      0.167594566605334E-00016
                  20      0.167715704131811E-00016
                  21      0.167828268493488E-00016
                  22      0.167931072467114E-00016
                  23      0.168023118093010E-00016
                  24      0.168103606071325E-00016
                  25      0.168171721762344E-00016
                  26      0.168226850371060E-00016
                  27      0.168268691008853E-00016
                  28      0.168297035892570E-00016
                  29      0.168311766257981E-00016
                  30      0.168312982472895E-00016
                  31      0.168301145528697E-00016
                  32      0.168276829828937E-00016
                  33      0.168240754476940E-00016
                  34      0.168193907896909E-00016
                  35      0.168137482112169E-00016
                  36      0.168072825489978E-00016
                  37      0.168001464723477E-00016
                  38      0.167925104842830E-00016
                  39      0.167845543508929E-00016
                  40      0.167764656320024E-00016
                  41      0.167684386606916E-00016
                  42      0.167606594656374E-00016
                  43      0.167533013490685E-00016
                  44      0.167465339629571E-00016
                  45      0.167405207244145E-00016
                  46      0.167354037469896E-00016
                  47      0.167312921687838E-00016
                  48      0.167282967605973E-00016
                  49      0.167265643481632E-00016
                  50      0.167260996206387E-00016
