                   1      0.178279142202236E-00016
                   2      0.178279360228867E-00016
                   3      0.178278862296329E-00016
                   4      0.178288647066364E-00016
                   5      0.178265443226951E-00016
                   6      0.178279557160571E-00016
                   7      0.178278703700335E-00016
                   8      0.178240208010103E-00016
                   9      0.178279415716743E-00016
                  10      0.178246104602095E-00016
                  11      0.178087259692749E-00016
                  12      0.177799336195585E-00016
                  13      0.177398257860788E-00016
                  14      0.176903573523673E-00016
                  15      0.176329270611649E-00016
                  16      0.175679579032101E-00016
                  17      0.174947348665641E-00016
                  18      0.174116027951491E-00016
                  19      0.173144503084216E-00016
                  20      0.171972015901201E-00016
                  21      0.170500225771153E-00016
                  22      0.168516977073166E-00016
                  23      0.165995794540275E-00016
                  24      0.163778096391609E-00016
                  25      0.162583439779554E-00016
                  26      0.162497005745520E-00016
                  27      0.165992365871060E-00016
                  28      0.169622198083687E-00016
                  29      0.172030638988769E-00016
                  30      0.173842772932692E-00016
                  31      0.175263744365144E-00016
                  32      0.176348104254418E-00016
                  33      0.177140769056588E-00016
                  34      0.177715951140276E-00016
                  35      0.178138331309925E-00016
                  36      0.178452691649499E-00016
                  37      0.178691692866505E-00016
                  38      0.178876978387557E-00016
                  39      0.179022216287977E-00016
                  40      0.179136117041368E-00016
                  41      0.179223759854033E-00016
                  42      0.179287350088107E-00016
                  43      0.179326217701512E-00016
                  44      0.179343460926994E-00016
                  45      0.179338951811076E-00016
                  46      0.179308403262360E-00016
                  47      0.179250235347477E-00016
                  48      0.179163834826573E-00016
                  49      0.179048916005063E-00016
                  50      0.178244379879539E-00016
