                   1      0.154180533453212E-00016
                   2      0.154180492409950E-00016
                   3      0.154180469176727E-00016
                   4      0.154180442446017E-00016
                   5      0.154180438285343E-00016
                   6      0.154180432502555E-00016
                   7      0.154180394096840E-00016
                   8      0.154180368572998E-00016
                   9      0.154180377750381E-00016
                  10      0.154180407894049E-00016
                  11      0.154180406428612E-00016
                  12      0.154180395145903E-00016
                  13      0.154180386111340E-00016
                  14      0.154180391876412E-00016
                  15      0.154180414151459E-00016
                  16      0.154180423712685E-00016
                  17      0.154180415209254E-00016
                  18      0.154180394055368E-00016
                  19      0.154180367357486E-00016
                  20      0.154180346428135E-00016
                  21      0.154180332467758E-00016
                  22      0.154180324939086E-00016
                  23      0.154180325165530E-00016
                  24      0.154180334579628E-00016
                  25      0.154180352938391E-00016
                  26      0.154180367857650E-00016
                  27      0.154180366323559E-00016
                  28      0.154180358416620E-00016
                  29      0.154180353906255E-00016
                  30      0.154180354912744E-00016
                  31      0.154180358639632E-00016
                  32      0.154180367495312E-00016
                  33      0.154180394267545E-00016
                  34      0.154180452140611E-00016
                  35      0.154180491687562E-00016
                  36      0.154180499826247E-00016
                  37      0.154180466669748E-00016
                  38      0.154180427336591E-00016
                  39      0.154180392035272E-00016
                  40      0.154180375764732E-00016
                  41      0.154180366175706E-00016
                  42      0.154180360816754E-00016
                  43      0.154180369202195E-00016
                  44      0.154180384870669E-00016
                  45      0.154180398474628E-00016
                  46      0.154180404270675E-00016
                  47      0.154180407859147E-00016
                  48      0.154180416328977E-00016
                  49      0.154180430130787E-00016
                  50      0.154180447254046E-00016
