                   1      0.154218504121970E-00016
                   2      0.154238278565260E-00016
                   3      0.154292438015440E-00016
                   4      0.154378690197953E-00016
                   5      0.154494211213119E-00016
                   6      0.154635407306976E-00016
                   7      0.154797738499249E-00016
                   8      0.154976269499382E-00016
                   9      0.155166093109656E-00016
                  10      0.155362703855737E-00016
                  11      0.155562228247744E-00016
                  12      0.155761478482687E-00016
                  13      0.155957877579104E-00016
                  14      0.156149392505474E-00016
                  15      0.156334499431292E-00016
                  16      0.156512001050469E-00016
                  17      0.156680929431545E-00016
                  18      0.156840470786296E-00016
                  19      0.156989920453116E-00016
                  20      0.157128645866138E-00016
                  21      0.157256014664556E-00016
                  22      0.157371357522025E-00016
                  23      0.157473974789382E-00016
                  24      0.157560714359206E-00016
                  25      0.157590326429103E-00016
                  26      0.157640191202117E-00016
                  27      0.157702335319979E-00016
                  28      0.157769704496196E-00016
                  29      0.157836294609776E-00016
                  30      0.157897276136676E-00016
                  31      0.157949105274026E-00016
                  32      0.157989618199906E-00016
                  33      0.158018105498760E-00016
                  34      0.158035363116922E-00016
                  35      0.158043722574207E-00016
                  36      0.158047203496805E-00016
                  37      0.158054241200820E-00016
                  38      0.158076446065610E-00016
                  39      0.158103915389781E-00016
                  40      0.158124896136904E-00016
                  41      0.158132974378663E-00016
                  42      0.158127221814584E-00016
                  43      0.158110809636827E-00016
                  44      0.158087097469724E-00016
                  45      0.158059493129362E-00016
                  46      0.158031289699960E-00016
                  47      0.158005620942878E-00016
                  48      0.157985171938277E-00016
                  49      0.157971889001964E-00016
                  50      0.157966930924803E-00016
