                   1      0.157965442214230E-00016
                   2      0.157971455216432E-00016
                   3      0.157993521904486E-00016
                   4      0.158025545643240E-00016
                   5      0.158059019826500E-00016
                   6      0.158083425645441E-00016
                   7      0.158087882270795E-00016
                   8      0.158062638136041E-00016
                   9      0.157999068542203E-00016
                  10      0.157891175868555E-00016
                  11      0.157736329346331E-00016
                  12      0.157534272352826E-00016
                  13      0.157287410813634E-00016
                  14      0.157001180299053E-00016
                  15      0.156682354276432E-00016
                  16      0.156338724395630E-00016
                  17      0.155981769459769E-00016
                  18      0.155622879844826E-00016
                  19      0.155274929705854E-00016
                  20      0.154951313901617E-00016
                  21      0.154665246867029E-00016
                  22      0.154429644563066E-00016
                  23      0.154259677979019E-00016
                  24      0.154348415456865E-00016
                  25      0.154632017745222E-00016
                  26      0.155015477169590E-00016
                  27      0.155463495481418E-00016
                  28      0.155943882974848E-00016
                  29      0.156428116062862E-00016
                  30      0.156891763900509E-00016
                  31      0.157314788681421E-00016
                  32      0.157681730176522E-00016
                  33      0.157981789128332E-00016
                  34      0.158208826367916E-00016
                  35      0.158361294957195E-00016
                  36      0.158442121409276E-00016
                  37      0.158458549378795E-00016
                  38      0.158421955531829E-00016
                  39      0.158347643060501E-00016
                  40      0.158254614034175E-00016
                  41      0.158165317839998E-00016
                  42      0.158105438132838E-00016
                  43      0.158104139058412E-00016
                  44      0.158104593913608E-00016
                  45      0.158085103470102E-00016
                  46      0.158051113832352E-00016
                  47      0.158011784052723E-00016
                  48      0.157976337894175E-00016
                  49      0.157953199706345E-00016
                  50      0.158059217345958E-00016
