                   1      0.154243742218525E-00016
                   2      0.154200303893891E-00016
                   3      0.154267460919331E-00016
                   4      0.154379012231088E-00016
                   5      0.154529745091592E-00016
                   6      0.154712890674222E-00016
                   7      0.154919589061332E-00016
                   8      0.155143693294252E-00016
                   9      0.155377597383933E-00016
                  10      0.155614710901126E-00016
                  11      0.155850626611902E-00016
                  12      0.156081292904731E-00016
                  13      0.156304260852279E-00016
                  14      0.156517335478881E-00016
                  15      0.156718846620030E-00016
                  16      0.156907467182387E-00016
                  17      0.157082419805361E-00016
                  18      0.157242064640661E-00016
                  19      0.157385478804685E-00016
                  20      0.157511473308256E-00016
                  21      0.157618586771281E-00016
                  22      0.157706881192781E-00016
                  23      0.157774580199533E-00016
                  24      0.157821440596839E-00016
                  25      0.157846721191306E-00016
                  26      0.157850287036941E-00016
                  27      0.157832036655765E-00016
                  28      0.157792232982071E-00016
                  29      0.157731199685077E-00016
                  30      0.157649537748260E-00016
                  31      0.157548041403432E-00016
                  32      0.157427582109604E-00016
                  33      0.157290138241534E-00016
                  34      0.157135133387262E-00016
                  35      0.156963141612445E-00016
                  36      0.156777317187120E-00016
                  37      0.156578857238864E-00016
                  38      0.156365898634236E-00016
                  39      0.156145275304191E-00016
                  40      0.155915699392366E-00016
                  41      0.155678680833301E-00016
                  42      0.155438015657831E-00016
                  43      0.155199855153729E-00016
                  44      0.154971014505696E-00016
                  45      0.154757923787296E-00016
                  46      0.154570778449431E-00016
                  47      0.154413057695542E-00016
                  48      0.154294574465380E-00016
                  49      0.154220187790745E-00016
                  50      0.154193075281169E-00016
