                   1      0.157965803169165E-00016
                   2      0.157979458277624E-00016
                   3      0.158007065821781E-00016
                   4      0.158040645638014E-00016
                   5      0.158074634508633E-00016
                   6      0.158104697228177E-00016
                   7      0.158125843291605E-00016
                   8      0.158132988230645E-00016
                   9      0.158126454394957E-00016
                  10      0.158096682187415E-00016
                  11      0.158037513871609E-00016
                  12      0.157946085245848E-00016
                  13      0.157821230504036E-00016
                  14      0.157663521185805E-00016
                  15      0.157475984385303E-00016
                  16      0.157265184799216E-00016
                  17      0.157036503300249E-00016
                  18      0.156822965885733E-00016
                  19      0.156643218709367E-00016
                  20      0.156504677762757E-00016
                  21      0.156396719862174E-00016
                  22      0.156316122048314E-00016
                  23      0.156339811765680E-00016
                  24      0.156513337352874E-00016
                  25      0.156784697823021E-00016
                  26      0.157042993194008E-00016
                  27      0.157272875097594E-00016
                  28      0.157471183193192E-00016
                  29      0.157634827827538E-00016
                  30      0.157763153188775E-00016
                  31      0.157857216904270E-00016
                  32      0.157919498594355E-00016
                  33      0.157954751726632E-00016
                  34      0.157970616908781E-00016
                  35      0.157979886729724E-00016
                  36      0.157998843503689E-00016
                  37      0.158026236107262E-00016
                  38      0.158066233961418E-00016
                  39      0.158105523110724E-00016
                  40      0.158138185063534E-00016
                  41      0.158159974662468E-00016
                  42      0.158169212942439E-00016
                  43      0.158167495346536E-00016
                  44      0.158155660223607E-00016
                  45      0.158133372719303E-00016
                  46      0.158103788943741E-00016
                  47      0.158070912085833E-00016
                  48      0.158039974616520E-00016
                  49      0.158019737961249E-00016
                  50      0.158109127009240E-00016
