                   1      0.154180551189792E-00016
                   2      0.154180489851375E-00016
                   3      0.154180444827990E-00016
                   4      0.154180413633275E-00016
                   5      0.154180379460207E-00016
                   6      0.154180347903951E-00016
                   7      0.154180336247544E-00016
                   8      0.154180354204077E-00016
                   9      0.154180357784233E-00016
                  10      0.154180348607677E-00016
                  11      0.154180318343018E-00016
                  12      0.154180244871283E-00016
                  13      0.154180178222774E-00016
                  14      0.154180162967537E-00016
                  15      0.154180219019531E-00016
                  16      0.154180250758495E-00016
                  17      0.154180246378547E-00016
                  18      0.154180230958669E-00016
                  19      0.154180243137667E-00016
                  20      0.154180275350236E-00016
                  21      0.154180316728822E-00016
                  22      0.154180369452856E-00016
                  23      0.154180424817411E-00016
                  24      0.154180477899084E-00016
                  25      0.154180506257822E-00016
                  26      0.154180473668735E-00016
                  27      0.154180434420975E-00016
                  28      0.154180385504762E-00016
                  29      0.154180321499829E-00016
                  30      0.154180242851137E-00016
                  31      0.154180194312571E-00016
                  32      0.154180176135205E-00016
                  33      0.154180189701404E-00016
                  34      0.154180207708946E-00016
                  35      0.154180227509188E-00016
                  36      0.154180264844280E-00016
                  37      0.154180322487509E-00016
                  38      0.154180382964348E-00016
                  39      0.154180411707158E-00016
                  40      0.154180406353336E-00016
                  41      0.154180384665354E-00016
                  42      0.154180377426417E-00016
                  43      0.154180383718655E-00016
                  44      0.154180396593514E-00016
                  45      0.154180416698091E-00016
                  46      0.154180440532925E-00016
                  47      0.154180463615753E-00016
                  48      0.154180483542089E-00016
                  49      0.154180503719034E-00016
                  50      0.154180533509178E-00016
