                   1      0.178278070533778E-00016
                   2      0.178279355960479E-00016
                   3      0.178280311693427E-00016
                   4      0.178280317434334E-00016
                   5      0.178279668511039E-00016
                   6      0.178277156860395E-00016
                   7      0.178259977443944E-00016
                   8      0.178215788199946E-00016
                   9      0.178143141883283E-00016
                  10      0.178042519214246E-00016
                  11      0.177914098364033E-00016
                  12      0.177758035363969E-00016
                  13      0.177574567529432E-00016
                  14      0.177364013858379E-00016
                  15      0.177126764687418E-00016
                  16      0.176863274815188E-00016
                  17      0.176574058748664E-00016
                  18      0.176259685036553E-00016
                  19      0.175920769987777E-00016
                  20      0.175557972733494E-00016
                  21      0.175171992461127E-00016
                  22      0.174763565695198E-00016
                  23      0.174333459828030E-00016
                  24      0.173882461366249E-00016
                  25      0.173411362346050E-00016
                  26      0.172920951071194E-00016
                  27      0.172412011225589E-00016
                  28      0.171885328877123E-00016
                  29      0.171341703016948E-00016
                  30      0.170781953899896E-00016
                  31      0.170206926375633E-00016
                  32      0.169617492871107E-00016
                  33      0.169014568131865E-00016
                  34      0.168399148031868E-00016
                  35      0.167772375365468E-00016
                  36      0.167135622458475E-00016
                  37      0.166490572783720E-00016
                  38      0.165839286686005E-00016
                  39      0.165184247346926E-00016
                  40      0.164528399436222E-00016
                  41      0.163875217787440E-00016
                  42      0.163228768633177E-00016
                  43      0.162593524666772E-00016
                  44      0.161973932737691E-00016
                  45      0.161374324840969E-00016
                  46      0.160799123447769E-00016
                  47      0.160253949620234E-00016
                  48      0.159745901926670E-00016
                  49      0.159282632253331E-00016
                  50      0.157965803168414E-00016
