                   1      0.393095431934059E-00016
                   2      0.393486347587750E-00016
                   3      0.394559058606812E-00016
                   4      0.396242906534195E-00016
                   5      0.398541549049749E-00016
                   6      0.401470913199516E-00016
                   7      0.405024653615437E-00016
                   8      0.409165991137674E-00016
                   9      0.413852061251739E-00016
                  10      0.419050089180407E-00016
                  11      0.424746549536554E-00016
                  12      0.430900312206245E-00016
                  13      0.437224973326009E-00016
                  14      0.442367302620828E-00016
                  15      0.446156911973886E-00016
                  16      0.449409683594110E-00016
                  17      0.452215243108441E-00016
                  18      0.454636553555205E-00016
                  19      0.456857043695439E-00016
                  20      0.459020044693707E-00016
                  21      0.461122370988247E-00016
                  22      0.463074503647102E-00016
                  23      0.464775397585212E-00016
                  24      0.466123772509045E-00016
                  25      0.467018217545108E-00016
                  26      0.467382301671044E-00016
                  27      0.467252073345189E-00016
                  28      0.466623640519706E-00016
                  29      0.465597254883702E-00016
                  30      0.464356340702440E-00016
                  31      0.463211382681184E-00016
                  32      0.462424604545285E-00016
                  33      0.461963854319300E-00016
                  34      0.461263805654831E-00016
                  35      0.459253730780368E-00016
                  36      0.455050955791444E-00016
                  37      0.449082624273914E-00016
                  38      0.442241689089982E-00016
                  39      0.435201181238857E-00016
                  40      0.428364758712040E-00016
                  41      0.421951385708005E-00016
                  42      0.416079123073400E-00016
                  43      0.410816398051022E-00016
                  44      0.406210715949648E-00016
                  45      0.402298325689671E-00016
                  46      0.399085790977802E-00016
                  47      0.396563591285484E-00016
                  48      0.394739959983377E-00016
                  49      0.393661530887829E-00016
                  50      0.393453100866304E-00016
