                   1      0.393095431980319E-00016
                   2      0.393536144067894E-00016
                   3      0.394695628781650E-00016
                   4      0.396403224386683E-00016
                   5      0.398620418269470E-00016
                   6      0.401389183483041E-00016
                   7      0.404685348020072E-00016
                   8      0.408478849526162E-00016
                   9      0.412704007821882E-00016
                  10      0.417214093869838E-00016
                  11      0.422042377845718E-00016
                  12      0.427225117469012E-00016
                  13      0.432829701803785E-00016
                  14      0.438803376726006E-00016
                  15      0.444823632814542E-00016
                  16      0.450228095334978E-00016
                  17      0.454314923532524E-00016
                  18      0.457166977602254E-00016
                  19      0.459246770465266E-00016
                  20      0.460835390429386E-00016
                  21      0.462273354991122E-00016
                  22      0.463700341432702E-00016
                  23      0.465062445114103E-00016
                  24      0.466235542587363E-00016
                  25      0.467082787705697E-00016
                  26      0.467502482445201E-00016
                  27      0.467518894905456E-00016
                  28      0.467245168665081E-00016
                  29      0.466744565107152E-00016
                  30      0.466158917221514E-00016
                  31      0.465606470155839E-00016
                  32      0.465102776209972E-00016
                  33      0.464332055894504E-00016
                  34      0.462756767259703E-00016
                  35      0.459541644783849E-00016
                  36      0.454632251277559E-00016
                  37      0.448515861765559E-00016
                  38      0.441785631735617E-00016
                  39      0.434922639430159E-00016
                  40      0.428251839838971E-00016
                  41      0.421976351627561E-00016
                  42      0.416293335000814E-00016
                  43      0.411192336636591E-00016
                  44      0.406686033932423E-00016
                  45      0.402834634977202E-00016
                  46      0.399640882159627E-00016
                  47      0.397016747915044E-00016
                  48      0.395031981123146E-00016
                  49      0.393826603662102E-00016
                  50      0.393471359312548E-00016
