                   1      0.105561834236671E-00016
                   2      0.105711993344832E-00016
                   3      0.105870816518486E-00016
                   4      0.106081269115305E-00016
                   5      0.106330595729832E-00016
                   6      0.106596708846243E-00016
                   7      0.106856513851655E-00016
                   8      0.107092921038730E-00016
                   9      0.107295950140247E-00016
                  10      0.107458226982351E-00016
                  11      0.107571833820269E-00016
                  12      0.107629112532302E-00016
                  13      0.107635278242148E-00016
                  14      0.107635285200373E-00016
                  15      0.107640564997703E-00016
                  16      0.107640630096676E-00016
                  17      0.107640652773392E-00016
                  18      0.107637997967030E-00016
                  19      0.107607663838954E-00016
                  20      0.107495483088184E-00016
                  21      0.107231610599360E-00016
                  22      0.107024667716947E-00016
                  23      0.107448133217787E-00016
                  24      0.107715013969043E-00016
                  25      0.107947742718685E-00016
                  26      0.108148443263757E-00016
                  27      0.108312374967218E-00016
                  28      0.108437231645932E-00016
                  29      0.108523443813877E-00016
                  30      0.108573779149687E-00016
                  31      0.108593116013361E-00016
                  32      0.108588418847418E-00016
                  33      0.108566827476996E-00016
                  34      0.108541395659185E-00016
                  35      0.108513010529467E-00016
                  36      0.108470771013023E-00016
                  37      0.108401226213707E-00016
                  38      0.108291227447561E-00016
                  39      0.108136044480247E-00016
                  40      0.107940337517909E-00016
                  41      0.107712554416160E-00016
                  42      0.107461093559508E-00016
                  43      0.107192050911016E-00016
                  44      0.106909585600367E-00016
                  45      0.106619230561713E-00016
                  46      0.106333606813796E-00016
                  47      0.106072547174282E-00016
                  48      0.105856225255626E-00016
                  49      0.105695561731259E-00016
                  50      0.105550952666398E-00016
