                   1      0.104578324224952E-00016
                   2      0.104736664494673E-00016
                   3      0.104928914305718E-00016
                   4      0.105176260059995E-00016
                   5      0.105464687427610E-00016
                   6      0.105779840428003E-00016
                   7      0.106105502742140E-00016
                   8      0.106429090812274E-00016
                   9      0.106737975413787E-00016
                  10      0.107021264431244E-00016
                  11      0.107270774766298E-00016
                  12      0.107482831468210E-00016
                  13      0.107661270517019E-00016
                  14      0.107820894105537E-00016
                  15      0.107990208880853E-00016
                  16      0.108199763543799E-00016
                  17      0.108444523285952E-00016
                  18      0.108686270652180E-00016
                  19      0.108906864438547E-00016
                  20      0.108959837608786E-00016
                  21      0.108878804051624E-00016
                  22      0.108779569653054E-00016
                  23      0.108823665795852E-00016
                  24      0.108895057534084E-00016
                  25      0.108998797542235E-00016
                  26      0.109097406132804E-00016
                  27      0.109174928272038E-00016
                  28      0.109239256103667E-00016
                  29      0.109307357732701E-00016
                  30      0.109399600473936E-00016
                  31      0.109512954508649E-00016
                  32      0.109621721058202E-00016
                  33      0.109621798435643E-00016
                  34      0.109620086094175E-00016
                  35      0.109442038076072E-00016
                  36      0.109349168161725E-00016
                  37      0.109210429692311E-00016
                  38      0.109010120909181E-00016
                  39      0.108747327755656E-00016
                  40      0.108425715940299E-00016
                  41      0.108052530800614E-00016
                  42      0.107638100904125E-00016
                  43      0.107195292891489E-00016
                  44      0.106738337186347E-00016
                  45      0.106282802950140E-00016
                  46      0.105847397812844E-00016
                  47      0.105449428995389E-00016
                  48      0.105105811254478E-00016
                  49      0.104831827250738E-00016
                  50      0.104574617712697E-00016
