                   1      0.104578324229312E-00016
                   2      0.104627316123042E-00016
                   3      0.104693679820715E-00016
                   4      0.104774780273302E-00016
                   5      0.104873410323730E-00016
                   6      0.104989735604775E-00016
                   7      0.105123387860189E-00016
                   8      0.105273542609191E-00016
                   9      0.105438484740121E-00016
                  10      0.105614777565719E-00016
                  11      0.105796354017079E-00016
                  12      0.105974714166097E-00016
                  13      0.106141778479363E-00016
                  14      0.106294851524134E-00016
                  15      0.106439257357117E-00016
                  16      0.106583471791609E-00016
                  17      0.106730262267988E-00016
                  18      0.106876965256010E-00016
                  19      0.107021168873376E-00016
                  20      0.107159887781478E-00016
                  21      0.107289140966304E-00016
                  22      0.107404368882213E-00016
                  23      0.107501252720240E-00016
                  24      0.107576386203346E-00016
                  25      0.107627546978325E-00016
                  26      0.107653165787844E-00016
                  27      0.107655263624914E-00016
                  28      0.107655263845026E-00016
                  29      0.107654893466971E-00016
                  30      0.107639979246687E-00016
                  31      0.107600614114339E-00016
                  32      0.107538190026520E-00016
                  33      0.107454608284369E-00016
                  34      0.107352414738731E-00016
                  35      0.107234595802570E-00016
                  36      0.107104379170100E-00016
                  37      0.106965091445071E-00016
                  38      0.106820045200835E-00016
                  39      0.106672441066327E-00016
                  40      0.106525288505343E-00016
                  41      0.106381352914457E-00016
                  42      0.106243129465594E-00016
                  43      0.106112837807293E-00016
                  44      0.105992434543730E-00016
                  45      0.105883630574890E-00016
                  46      0.105787944769727E-00016
                  47      0.105706923548906E-00016
                  48      0.105642210765015E-00016
                  49      0.105595498741794E-00016
                  50      0.105561834230340E-00016
