                   1      0.109192146960284E-00016
                   2      0.109207935482096E-00016
                   3      0.109258197221587E-00016
                   4      0.109341668319843E-00016
                   5      0.109456703650466E-00016
                   6      0.109600918480454E-00016
                   7      0.109771323865048E-00016
                   8      0.109964352729583E-00016
                   9      0.110175895100830E-00016
                  10      0.110401287643876E-00016
                  11      0.110635218974594E-00016
                  12      0.110871457217204E-00016
                  13      0.111102272282751E-00016
                  14      0.111317931215667E-00016
                  15      0.111502219588897E-00016
                  16      0.111501878071701E-00016
                  17      0.111519670047809E-00016
                  18      0.111552408715433E-00016
                  19      0.111598131203288E-00016
                  20      0.111660086422223E-00016
                  21      0.111748796355661E-00016
                  22      0.111869347798399E-00016
                  23      0.112016388109716E-00016
                  24      0.112175421820352E-00016
                  25      0.112326570798846E-00016
                  26      0.112452983328116E-00016
                  27      0.112545762349952E-00016
                  28      0.112600751272076E-00016
                  29      0.112616064181466E-00016
                  30      0.112591506191412E-00016
                  31      0.112526998762901E-00016
                  32      0.112423991748403E-00016
                  33      0.112285089771868E-00016
                  34      0.112113944825465E-00016
                  35      0.111915090175122E-00016
                  36      0.111693790218978E-00016
                  37      0.111455874912704E-00016
                  38      0.111207441909383E-00016
                  39      0.110954529988985E-00016
                  40      0.110702956648272E-00016
                  41      0.110458247660702E-00016
                  42      0.110225517496907E-00016
                  43      0.110009390300434E-00016
                  44      0.109814023560668E-00016
                  45      0.109643102499668E-00016
                  46      0.109499764217059E-00016
                  47      0.109386675055930E-00016
                  48      0.109305978672032E-00016
                  49      0.109260971182263E-00016
                  50      0.109270178976630E-00016
