                   1      0.109371166740563E-00016
                   2      0.109399012028184E-00016
                   3      0.109470104006140E-00016
                   4      0.109580307473385E-00016
                   5      0.109726511139079E-00016
                   6      0.109905236925624E-00016
                   7      0.110112830028852E-00016
                   8      0.110345507666653E-00016
                   9      0.110599345475921E-00016
                  10      0.110870260475824E-00016
                  11      0.111154015238737E-00016
                  12      0.111446241780699E-00016
                  13      0.111742477590451E-00016
                  14      0.112038207052193E-00016
                  15      0.112328908922769E-00016
                  16      0.112610110741112E-00016
                  17      0.112877447380465E-00016
                  18      0.113126720687067E-00016
                  19      0.113353960061386E-00016
                  20      0.113555485622995E-00016
                  21      0.113727975129090E-00016
                  22      0.113868533695414E-00016
                  23      0.113974760917536E-00016
                  24      0.114044800550887E-00016
                  25      0.114077335391863E-00016
                  26      0.114077681035044E-00016
                  27      0.114046106424844E-00016
                  28      0.113977269985214E-00016
                  29      0.113872297911551E-00016
                  30      0.113732977037081E-00016
                  31      0.113561658710850E-00016
                  32      0.113361199860234E-00016
                  33      0.113134895524021E-00016
                  34      0.112886410548576E-00016
                  35      0.112619712859174E-00016
                  36      0.112339007230901E-00016
                  37      0.112048668849896E-00016
                  38      0.111753178453176E-00016
                  39      0.111457062794258E-00016
                  40      0.111164843545770E-00016
                  41      0.110880994580986E-00016
                  42      0.110609904962891E-00016
                  43      0.110355846610911E-00016
                  44      0.110122950995251E-00016
                  45      0.109915198751392E-00016
                  46      0.109736421685034E-00016
                  47      0.109590299882742E-00016
                  48      0.109480309808364E-00016
                  49      0.109409561488841E-00016
                  50      0.109382127457595E-00016
