                   1      0.109192132407458E-00016
                   2      0.109204601777504E-00016
                   3      0.109242679998721E-00016
                   4      0.109305577648954E-00016
                   5      0.109392598264263E-00016
                   6      0.109502760253584E-00016
                   7      0.109634655360275E-00016
                   8      0.109786514757312E-00016
                   9      0.109956287876874E-00016
                  10      0.110141655625410E-00016
                  11      0.110340009890151E-00016
                  12      0.110548432128252E-00016
                  13      0.110763737256933E-00016
                  14      0.110982591462484E-00016
                  15      0.111201550048392E-00016
                  16      0.111416963979789E-00016
                  17      0.111624951270289E-00016
                  18      0.111821534072171E-00016
                  19      0.112002898567115E-00016
                  20      0.112165642996704E-00016
                  21      0.112306823859040E-00016
                  22      0.112423870623096E-00016
                  23      0.112514595374257E-00016
                  24      0.112577282858664E-00016
                  25      0.112610740042305E-00016
                  26      0.112614282396157E-00016
                  27      0.112587793495103E-00016
                  28      0.112531702969942E-00016
                  29      0.112446949596480E-00016
                  30      0.112335083402134E-00016
                  31      0.112198244599272E-00016
                  32      0.112039123328640E-00016
                  33      0.111860878306614E-00016
                  34      0.111667023531354E-00016
                  35      0.111461316336101E-00016
                  36      0.111247649937348E-00016
                  37      0.111029938920201E-00016
                  38      0.110812001291655E-00016
                  39      0.110597460819825E-00016
                  40      0.110389699849037E-00016
                  41      0.110191860182210E-00016
                  42      0.110006844256472E-00016
                  43      0.109837293063836E-00016
                  44      0.109685566764919E-00016
                  45      0.109553748993279E-00016
                  46      0.109443619479615E-00016
                  47      0.109356535446601E-00016
                  48      0.109293398057301E-00016
                  49      0.109254904607062E-00016
                  50      0.109241946721531E-00016
