                   1      0.109371166656841E-00016
                   2      0.109379853186464E-00016
                   3      0.109406293823273E-00016
                   4      0.109449698919185E-00016
                   5      0.109509573012724E-00016
                   6      0.109585478071595E-00016
                   7      0.109676973454617E-00016
                   8      0.109783647643074E-00016
                   9      0.109905044000909E-00016
                  10      0.110040538688822E-00016
                  11      0.110189139131215E-00016
                  12      0.110349090573200E-00016
                  13      0.110517198202583E-00016
                  14      0.110688042952036E-00016
                  15      0.110853915386423E-00016
                  16      0.111006740591384E-00016
                  17      0.111141704901430E-00016
                  18      0.111265355933314E-00016
                  19      0.111382165583441E-00016
                  20      0.111493245369273E-00016
                  21      0.111597201785669E-00016
                  22      0.111691027726207E-00016
                  23      0.111770933750065E-00016
                  24      0.111833093641906E-00016
                  25      0.111874260130837E-00016
                  26      0.111891965272401E-00016
                  27      0.111885291076961E-00016
                  28      0.111851905431755E-00016
                  29      0.111791706325315E-00016
                  30      0.111706023927044E-00016
                  31      0.111597013321816E-00016
                  32      0.111467485118370E-00016
                  33      0.111320733414962E-00016
                  34      0.111160343596404E-00016
                  35      0.110990003090766E-00016
                  36      0.110813349103043E-00016
                  37      0.110633871396191E-00016
                  38      0.110454863671416E-00016
                  39      0.110279400250986E-00016
                  40      0.110110314314877E-00016
                  41      0.109950167673164E-00016
                  42      0.109801218423638E-00016
                  43      0.109665401481889E-00016
                  44      0.109544336286378E-00016
                  45      0.109439368302953E-00016
                  46      0.109351638742160E-00016
                  47      0.109282150441038E-00016
                  48      0.109231778379444E-00016
                  49      0.109201378346960E-00016
                  50      0.109192132416988E-00016
