                   1      0.109372045966621E-00016
                   2      0.109378798537266E-00016
                   3      0.109403949099120E-00016
                   4      0.109446231563772E-00016
                   5      0.109505207500145E-00016
                   6      0.109580461972322E-00016
                   7      0.109671548417299E-00016
                   8      0.109778006080783E-00016
                   9      0.109899326522881E-00016
                  10      0.110034846047309E-00016
                  11      0.110183528737497E-00016
                  12      0.110343548481398E-00016
                  13      0.110511598179150E-00016
                  14      0.110682139868292E-00016
                  15      0.110847400479360E-00016
                  16      0.110998993753989E-00016
                  17      0.111133155353808E-00016
                  18      0.111255935379141E-00016
                  19      0.111371645514336E-00016
                  20      0.111481347425335E-00016
                  21      0.111583823129602E-00016
                  22      0.111676855268047E-00016
                  23      0.111757464942364E-00016
                  24      0.111822199667886E-00016
                  25      0.111867592897283E-00016
                  26      0.111890445233934E-00016
                  27      0.111889641912223E-00016
                  28      0.111863195592475E-00016
                  29      0.111809412631474E-00016
                  30      0.111729395382892E-00016
                  31      0.111625220460865E-00016
                  32      0.111499655533755E-00016
                  33      0.111355934646377E-00016
                  34      0.111197580237056E-00016
                  35      0.111028260596420E-00016
                  36      0.110851669202780E-00016
                  37      0.110671418768638E-00016
                  38      0.110490953062864E-00016
                  39      0.110313482791746E-00016
                  40      0.110141945849246E-00016
                  41      0.109978984291293E-00016
                  42      0.109826929007896E-00016
                  43      0.109687791571638E-00016
                  44      0.109563274262261E-00016
                  45      0.109454808050530E-00016
                  46      0.109363610434864E-00016
                  47      0.109290745613843E-00016
                  48      0.109237196227199E-00016
                  49      0.109203954766972E-00016
                  50      0.109192146969951E-00016
