                   1      0.286165224517790E-00017
                   2      0.288833689054991E-00017
                   3      0.290793250771215E-00017
                   4      0.292731973682334E-00017
                   5      0.294381860386600E-00017
                   6      0.295532148037036E-00017
                   7      0.296089825227722E-00017
                   8      0.296211287001220E-00017
                   9      0.296217454361652E-00017
                  10      0.296207498401969E-00017
                  11      0.296046533927858E-00017
                  12      0.295395707172045E-00017
                  13      0.294120604091626E-00017
                  14      0.292257360225535E-00017
                  15      0.289850592414360E-00017
                  16      0.287841274393081E-00017
                  17      0.291468709997063E-00017
                  18      0.294671849506725E-00017
                  19      0.298135861226229E-00017
                  20      0.301638752230536E-00017
                  21      0.304918632783188E-00017
                  22      0.307733746860582E-00017
                  23      0.309908089824087E-00017
                  24      0.311356578140391E-00017
                  25      0.311969368531615E-00017
                  26      0.311948101193773E-00017
                  27      0.311947239643793E-00017
                  28      0.309867563109954E-00017
                  29      0.306581428092323E-00017
                  30      0.302508667774715E-00017
                  31      0.298072236691274E-00017
                  32      0.293706870197067E-00017
                  33      0.289693291844552E-00017
                  34      0.286413343028987E-00017
                  35      0.287787878818747E-00017
                  36      0.290147286763402E-00017
                  37      0.292286814051611E-00017
                  38      0.294058816327169E-00017
                  39      0.295317840736808E-00017
                  40      0.295972088864822E-00017
                  41      0.296145958350579E-00017
                  42      0.296160826261464E-00017
                  43      0.296150528557268E-00017
                  44      0.295998263479070E-00017
                  45      0.295401629507239E-00017
                  46      0.294229155529735E-00017
                  47      0.292575719889348E-00017
                  48      0.290651413144343E-00017
                  49      0.288721781241437E-00017
                  50      0.286165224580461E-00017
