                   1      0.286177516682774E-00017
                   2      0.286239088079889E-00017
                   3      0.286395354959791E-00017
                   4      0.286637055277295E-00017
                   5      0.286957203576014E-00017
                   6      0.287347989215098E-00017
                   7      0.287801118902634E-00017
                   8      0.288307868592566E-00017
                   9      0.288859097217159E-00017
                  10      0.289445300279937E-00017
                  11      0.290056712827307E-00017
                  12      0.290683438707269E-00017
                  13      0.291315573924650E-00017
                  14      0.291943310596814E-00017
                  15      0.292557035291579E-00017
                  16      0.293147441115828E-00017
                  17      0.293705653719887E-00017
                  18      0.294223348950189E-00017
                  19      0.294692845426245E-00017
                  20      0.295107186627116E-00017
                  21      0.295460235196333E-00017
                  22      0.295746772770475E-00017
                  23      0.295962577767214E-00017
                  24      0.296104464996748E-00017
                  25      0.296170220145778E-00017
                  26      0.296170524565314E-00017
                  27      0.296105833175810E-00017
                  28      0.295965069134422E-00017
                  29      0.295750409286254E-00017
                  30      0.295465051296848E-00017
                  31      0.295113228075401E-00017
                  32      0.294700152484860E-00017
                  33      0.294231946279590E-00017
                  34      0.293715558637716E-00017
                  35      0.293158673181511E-00017
                  36      0.292569606323052E-00017
                  37      0.291957203075737E-00017
                  38      0.291330733732615E-00017
                  39      0.290699788810110E-00017
                  40      0.290074169870503E-00017
                  41      0.289463779287320E-00017
                  42      0.288878513421159E-00017
                  43      0.288328155591953E-00017
                  44      0.287822255354222E-00017
                  45      0.287369997639317E-00017
                  46      0.286980107509767E-00017
                  47      0.286660835197008E-00017
                  48      0.286419951487638E-00017
                  49      0.286264444258899E-00017
                  50      0.286203576084358E-00017
