                   1      0.286177516648632E-00017
                   2      0.287929990117390E-00017
                   3      0.289247880276451E-00017
                   4      0.290688786305961E-00017
                   5      0.292137186403980E-00017
                   6      0.293488635248372E-00017
                   7      0.294639521176078E-00017
                   8      0.295501655639559E-00017
                   9      0.296010480195584E-00017
                  10      0.296149751717392E-00017
                  11      0.296149955210770E-00017
                  12      0.296149955175602E-00017
                  13      0.296149955336406E-00017
                  14      0.296092840243528E-00017
                  15      0.295708382340608E-00017
                  16      0.294958152476821E-00017
                  17      0.293895226247470E-00017
                  18      0.292600359274932E-00017
                  19      0.291173529278825E-00017
                  20      0.289727133159048E-00017
                  21      0.288384293321799E-00017
                  22      0.287013557511163E-00017
                  23      0.287660241211254E-00017
                  24      0.289324400020913E-00017
                  25      0.290388691301855E-00017
                  26      0.290580187016141E-00017
                  27      0.290974651728143E-00017
                  28      0.291632721782686E-00017
                  29      0.292481142301957E-00017
                  30      0.293464097874725E-00017
                  31      0.294514718578918E-00017
                  32      0.295575205514139E-00017
                  33      0.296597454699559E-00017
                  34      0.297544120403694E-00017
                  35      0.298388521222803E-00017
                  36      0.299112976054822E-00017
                  37      0.299706329595573E-00017
                  38      0.300161862865245E-00017
                  39      0.300476374462035E-00017
                  40      0.300650457144834E-00017
                  41      0.300689489749877E-00017
                  42      0.300601981273324E-00017
                  43      0.300188410810260E-00017
                  44      0.300006949767163E-00017
                  45      0.298390298575661E-00017
                  46      0.295711669722729E-00017
                  47      0.292914734617494E-00017
                  48      0.290433008117685E-00017
                  49      0.288440328293581E-00017
                  50      0.286203576029302E-00017
