                   1      0.286203576065091E-00017
                   2      0.286694790756167E-00017
                   3      0.287949576903404E-00017
                   4      0.289706445550007E-00017
                   5      0.291672087054460E-00017
                   6      0.293546599725118E-00017
                   7      0.295055196743197E-00017
                   8      0.295980076948005E-00017
                   9      0.296200807670531E-00017
                  10      0.295718852466398E-00017
                  11      0.294559021111780E-00017
                  12      0.292896144218789E-00017
                  13      0.291031336950614E-00017
                  14      0.289467795862776E-00017
                  15      0.289017007010929E-00017
                  16      0.291146421189221E-00017
                  17      0.294653984613492E-00017
                  18      0.298971534988048E-00017
                  19      0.303718042101897E-00017
                  20      0.308518388110561E-00017
                  21      0.312997314071136E-00017
                  22      0.316801780929330E-00017
                  23      0.319619867202619E-00017
                  24      0.321150077809658E-00017
                  25      0.319925076082364E-00017
                  26      0.316338824417128E-00017
                  27      0.311616860415575E-00017
                  28      0.306400344932896E-00017
                  29      0.301197228175096E-00017
                  30      0.296413708169923E-00017
                  31      0.292362336437051E-00017
                  32      0.289262271323458E-00017
                  33      0.287234399917727E-00017
                  34      0.286299456582539E-00017
                  35      0.286427172520275E-00017
                  36      0.287424507410271E-00017
                  37      0.289023769769008E-00017
                  38      0.290942265532665E-00017
                  39      0.292878695488569E-00017
                  40      0.294545240623621E-00017
                  41      0.295700083415849E-00017
                  42      0.296178880358484E-00017
                  43      0.295957481628317E-00017
                  44      0.295035384471401E-00017
                  45      0.293533246209550E-00017
                  46      0.291666973117432E-00017
                  47      0.289707388130651E-00017
                  48      0.287950976842378E-00017
                  49      0.286692847406998E-00017
                  50      0.286203576151237E-00017
