                   1      0.286203576008264E-00017
                   2      0.286454763765138E-00017
                   3      0.287113806861732E-00017
                   4      0.288096069741446E-00017
                   5      0.289309205983904E-00017
                   6      0.290654381951707E-00017
                   7      0.292029335027735E-00017
                   8      0.293333594201301E-00017
                   9      0.294474103912528E-00017
                  10      0.295370938165199E-00017
                  11      0.295963266004309E-00017
                  12      0.296211399929526E-00017
                  13      0.296115024009480E-00017
                  14      0.295672007189090E-00017
                  15      0.294903277203274E-00017
                  16      0.293860356074451E-00017
                  17      0.292615648340220E-00017
                  18      0.291257470353072E-00017
                  19      0.289885156332830E-00017
                  20      0.288603972307881E-00017
                  21      0.287516989382661E-00017
                  22      0.286719186125275E-00017
                  23      0.286339168839731E-00017
                  24      0.286530342557985E-00017
                  25      0.287161901515474E-00017
                  26      0.288220362099707E-00017
                  27      0.289475720726604E-00017
                  28      0.290796725009434E-00017
                  29      0.292275116851952E-00017
                  30      0.293925565086466E-00017
                  31      0.295692233217259E-00017
                  32      0.297506643892894E-00017
                  33      0.299300289490464E-00017
                  34      0.301007574866842E-00017
                  35      0.302568455579800E-00017
                  36      0.303930955490223E-00017
                  37      0.305053334137990E-00017
                  38      0.305905505406383E-00017
                  39      0.306466241683418E-00017
                  40      0.306622520071901E-00017
                  41      0.304379360762198E-00017
                  42      0.301550860554851E-00017
                  43      0.298490805531096E-00017
                  44      0.295489070922121E-00017
                  45      0.292757470989191E-00017
                  46      0.290431727569220E-00017
                  47      0.288591057981515E-00017
                  48      0.287273263866323E-00017
                  49      0.286486664661384E-00017
                  50      0.286218325224519E-00017
