                   1      0.286203576058481E-00017
                   2      0.286490860512503E-00017
                   3      0.286776971133061E-00017
                   4      0.287130013230988E-00017
                   5      0.287548083790225E-00017
                   6      0.288024111472706E-00017
                   7      0.288549676367392E-00017
                   8      0.289115660584284E-00017
                   9      0.289712497146966E-00017
                  10      0.290330361985004E-00017
                  11      0.290959362654621E-00017
                  12      0.291589685931246E-00017
                  13      0.292211682367397E-00017
                  14      0.292815925198004E-00017
                  15      0.293393298383751E-00017
                  16      0.293935127388885E-00017
                  17      0.294433325075216E-00017
                  18      0.294880502807500E-00017
                  19      0.295270048454061E-00017
                  20      0.295596206535752E-00017
                  21      0.295854158298254E-00017
                  22      0.296040072649079E-00017
                  23      0.296151153846322E-00017
                  24      0.296187141592014E-00017
                  25      0.296187397099907E-00017
                  26      0.296187397018062E-00017
                  27      0.296187015203163E-00017
                  28      0.296151060626618E-00017
                  29      0.296040784749213E-00017
                  30      0.295855748525277E-00017
                  31      0.295598593649513E-00017
                  32      0.295273155012398E-00017
                  33      0.294884307034944E-00017
                  34      0.294437853126585E-00017
                  35      0.293940424741404E-00017
                  36      0.293399392477191E-00017
                  37      0.292822785599152E-00017
                  38      0.292219209479578E-00017
                  39      0.291597751272928E-00017
                  40      0.290967873560152E-00017
                  41      0.290339301649467E-00017
                  42      0.289721907464765E-00017
                  43      0.289125587331605E-00017
                  44      0.288560128052502E-00017
                  45      0.288035055349295E-00017
                  46      0.287559453972444E-00017
                  47      0.287141712076512E-00017
                  48      0.286788868943593E-00017
                  49      0.286502676377402E-00017
                  50      0.286218325286674E-00017
