                   1      0.286177516736172E-00017
                   2      0.286787484580225E-00017
                   3      0.288167668347091E-00017
                   4      0.290030219245829E-00017
                   5      0.292056204981811E-00017
                   6      0.293925672400545E-00017
                   7      0.295353235279617E-00017
                   8      0.296123574069433E-00017
                   9      0.296207244602498E-00017
                  10      0.295647696767286E-00017
                  11      0.294391401793602E-00017
                  12      0.292624632226104E-00017
                  13      0.290616446517631E-00017
                  14      0.288680700755567E-00017
                  15      0.287140129882846E-00017
                  16      0.286302838840717E-00017
                  17      0.286792394278652E-00017
                  18      0.288182918553757E-00017
                  19      0.290233823350724E-00017
                  20      0.292896972219687E-00017
                  21      0.295986057071609E-00017
                  22      0.299247969721214E-00017
                  23      0.302419019715039E-00017
                  24      0.305253040157982E-00017
                  25      0.307543341184468E-00017
                  26      0.309129554232933E-00017
                  27      0.309813766122920E-00017
                  28      0.307954865620206E-00017
                  29      0.303790545188677E-00017
                  30      0.298982016126497E-00017
                  31      0.294473582709814E-00017
                  32      0.290756493640804E-00017
                  33      0.288086326603795E-00017
                  34      0.286555135171891E-00017
                  35      0.286224745880820E-00017
                  36      0.287061826226451E-00017
                  37      0.288591888040867E-00017
                  38      0.290519565805940E-00017
                  39      0.292523630772207E-00017
                  40      0.294290418602474E-00017
                  41      0.295550448732451E-00017
                  42      0.296118426560275E-00017
                  43      0.296040688085283E-00017
                  44      0.295280846682168E-00017
                  45      0.293869975317240E-00017
                  46      0.292018363692885E-00017
                  47      0.290006027900466E-00017
                  48      0.288149917123217E-00017
                  49      0.286773159495218E-00017
                  50      0.286177516776001E-00017
