                   1      0.286177516756660E-00017
                   2      0.287339069862913E-00017
                   3      0.288457752060413E-00017
                   4      0.289772678629903E-00017
                   5      0.291173396206993E-00017
                   6      0.292546425924416E-00017
                   7      0.293806363045433E-00017
                   8      0.294865886216904E-00017
                   9      0.295654464966995E-00017
                  10      0.296121585472554E-00017
                  11      0.296254672747115E-00017
                  12      0.296305616043137E-00017
                  13      0.296306357486650E-00017
                  14      0.296257928829857E-00017
                  15      0.296179995836933E-00017
                  16      0.295812583254069E-00017
                  17      0.295103856750129E-00017
                  18      0.294123936028191E-00017
                  19      0.292826891319348E-00017
                  20      0.291337438741837E-00017
                  21      0.289242371637563E-00017
                  22      0.290719234151623E-00017
                  23      0.292848468123233E-00017
                  24      0.295599658110797E-00017
                  25      0.298673313374769E-00017
                  26      0.301935481754470E-00017
                  27      0.305270470392828E-00017
                  28      0.308549942356331E-00017
                  29      0.311647984465672E-00017
                  30      0.314448078153532E-00017
                  31      0.316850131791519E-00017
                  32      0.318777850276966E-00017
                  33      0.320187500383653E-00017
                  34      0.321077391987964E-00017
                  35      0.321471816436930E-00017
                  36      0.321467840714354E-00017
                  37      0.321399675254661E-00017
                  38      0.319768080889655E-00017
                  39      0.317405461364004E-00017
                  40      0.314428480876643E-00017
                  41      0.311012075338888E-00017
                  42      0.307364913400265E-00017
                  43      0.303677114320623E-00017
                  44      0.300104931208911E-00017
                  45      0.296775068266991E-00017
                  46      0.293789762670235E-00017
                  47      0.291215370370498E-00017
                  48      0.289123584816528E-00017
                  49      0.287557334204571E-00017
                  50      0.286165224481386E-00017
