                   1      0.286165224490304E-00017
                   2      0.286610028629675E-00017
                   3      0.286952299438128E-00017
                   4      0.287352720522363E-00017
                   5      0.287811665980170E-00017
                   6      0.288322358823307E-00017
                   7      0.288876407219682E-00017
                   8      0.289464665825471E-00017
                   9      0.290077529075238E-00017
                  10      0.290705131689380E-00017
                  11      0.291337538434252E-00017
                  12      0.291964934056210E-00017
                  13      0.292577779365248E-00017
                  14      0.293166887526418E-00017
                  15      0.293723450769985E-00017
                  16      0.294239121743412E-00017
                  17      0.294706185211165E-00017
                  18      0.295117730103217E-00017
                  19      0.295467740146317E-00017
                  20      0.295751126540928E-00017
                  21      0.295963762913690E-00017
                  22      0.296102568931874E-00017
                  23      0.296166041015193E-00017
                  24      0.296170613534685E-00017
                  25      0.296171118685843E-00017
                  26      0.296171235000764E-00017
                  27      0.296170619471879E-00017
                  28      0.296167328158845E-00017
                  29      0.296107666827695E-00017
                  30      0.295972675848639E-00017
                  31      0.295763681375864E-00017
                  32      0.295483724202370E-00017
                  33      0.295136956174436E-00017
                  34      0.294728526017721E-00017
                  35      0.294264498316576E-00017
                  36      0.293751771103445E-00017
                  37      0.293197985956041E-00017
                  38      0.292611428009878E-00017
                  39      0.292000918524045E-00017
                  40      0.291375706249063E-00017
                  41      0.290745363042619E-00017
                  42      0.290119675459087E-00017
                  43      0.289508520453768E-00017
                  44      0.288921715499688E-00017
                  45      0.288368845257592E-00017
                  46      0.287859059968583E-00017
                  47      0.287400774838078E-00017
                  48      0.287000781420226E-00017
                  49      0.286658668519607E-00017
                  50      0.286218325229279E-00017
