                   1      0.286177516703332E-00017
                   2      0.286469906187224E-00017
                   3      0.286759335815692E-00017
                   4      0.287115825735526E-00017
                   5      0.287537457327930E-00017
                   6      0.288017150027036E-00017
                   7      0.288546473553589E-00017
                   8      0.289116286310273E-00017
                   9      0.289717009119752E-00017
                  10      0.290338824842173E-00017
                  11      0.290971838039645E-00017
                  12      0.291606200168506E-00017
                  13      0.292232196989072E-00017
                  14      0.292840322797806E-00017
                  15      0.293421389423972E-00017
                  16      0.293966675948817E-00017
                  17      0.294468073088338E-00017
                  18      0.294918183576812E-00017
                  19      0.295310384553408E-00017
                  20      0.295638890414995E-00017
                  21      0.295898836795927E-00017
                  22      0.296086358119236E-00017
                  23      0.296198642327785E-00017
                  24      0.296235331924756E-00017
                  25      0.296235653656441E-00017
                  26      0.296235653340120E-00017
                  27      0.296235410349372E-00017
                  28      0.296199791624614E-00017
                  29      0.296089438576432E-00017
                  30      0.295904006953586E-00017
                  31      0.295646179151450E-00017
                  32      0.295319779103102E-00017
                  33      0.294929636053963E-00017
                  34      0.294481515791462E-00017
                  35      0.293982051826987E-00017
                  36      0.293438663946633E-00017
                  37      0.292859461665556E-00017
                  38      0.292253133257658E-00017
                  39      0.291628830721114E-00017
                  40      0.290996054812984E-00017
                  41      0.290364547232740E-00017
                  42      0.289744185468049E-00017
                  43      0.289144874504832E-00017
                  44      0.288576427599887E-00017
                  45      0.288048420962804E-00017
                  46      0.287570006478543E-00017
                  47      0.287149651378412E-00017
                  48      0.286794532171468E-00017
                  49      0.286506914596876E-00017
                  50      0.286218325188224E-00017
