                   1      0.286165224476146E-00017
                   2      0.289184732876808E-00017
                   3      0.290630686543545E-00017
                   4      0.292071240978907E-00017
                   5      0.293402992694612E-00017
                   6      0.294527378275521E-00017
                   7      0.295387120631883E-00017
                   8      0.295931160230389E-00017
                   9      0.296164077311715E-00017
                  10      0.296212129824975E-00017
                  11      0.296215894858250E-00017
                  12      0.296216120803706E-00017
                  13      0.296216121059660E-00017
                  14      0.296215479243882E-00017
                  15      0.296202400997364E-00017
                  16      0.296095148403487E-00017
                  17      0.295738216081628E-00017
                  18      0.295058537672100E-00017
                  19      0.294066548241149E-00017
                  20      0.292757741887811E-00017
                  21      0.291073793342969E-00017
                  22      0.288432331948343E-00017
                  23      0.287756062299526E-00017
                  24      0.290352721096218E-00017
                  25      0.292296558458932E-00017
                  26      0.294489179909937E-00017
                  27      0.296872251275924E-00017
                  28      0.299299503371404E-00017
                  29      0.301674847420297E-00017
                  30      0.303916673525603E-00017
                  31      0.305956321582456E-00017
                  32      0.307742926022404E-00017
                  33      0.309246319736447E-00017
                  34      0.310457263840033E-00017
                  35      0.311384679714842E-00017
                  36      0.312050545966446E-00017
                  37      0.312486849295121E-00017
                  38      0.312651489142860E-00017
                  39      0.312651836650869E-00017
                  40      0.312459124871197E-00017
                  41      0.311892899219386E-00017
                  42      0.310610503234872E-00017
                  43      0.308473853740113E-00017
                  44      0.305638109421278E-00017
                  45      0.302404121537910E-00017
                  46      0.299071083673945E-00017
                  47      0.295845606146688E-00017
                  48      0.292905332152886E-00017
                  49      0.290356025974422E-00017
                  50      0.286177516711226E-00017
