                   1      0.286203576173673E-00017
                   2      0.287378006168382E-00017
                   3      0.288525694734587E-00017
                   4      0.289881892084032E-00017
                   5      0.291336482428652E-00017
                   6      0.292768727358644E-00017
                   7      0.294062246053608E-00017
                   8      0.295114643242571E-00017
                   9      0.295843999510492E-00017
                  10      0.296181570958711E-00017
                  11      0.296214518800956E-00017
                  12      0.296215559249267E-00017
                  13      0.296197094499013E-00017
                  14      0.295919349911047E-00017
                  15      0.295249439951488E-00017
                  16      0.294244426442592E-00017
                  17      0.292982203719761E-00017
                  18      0.291562229996899E-00017
                  19      0.290099124059678E-00017
                  20      0.288714194161616E-00017
                  21      0.287524924189950E-00017
                  22      0.286584790015812E-00017
                  23      0.286983667684114E-00017
                  24      0.286990448385628E-00017
                  25      0.287752062156947E-00017
                  26      0.288987219593924E-00017
                  27      0.290596376103670E-00017
                  28      0.292508242936626E-00017
                  29      0.294636940763192E-00017
                  30      0.296888029118695E-00017
                  31      0.299164695357960E-00017
                  32      0.301373683434414E-00017
                  33      0.303430942053307E-00017
                  34      0.305266556306157E-00017
                  35      0.306828231625463E-00017
                  36      0.308082506022470E-00017
                  37      0.309013175069271E-00017
                  38      0.309617100289169E-00017
                  39      0.309895080283748E-00017
                  40      0.309782333419310E-00017
                  41      0.309152358631521E-00017
                  42      0.307616379584951E-00017
                  43      0.304480404553818E-00017
                  44      0.300835503191268E-00017
                  45      0.297290200040994E-00017
                  46      0.294092427130951E-00017
                  47      0.291364394823151E-00017
                  48      0.289179246505974E-00017
                  49      0.287569613299001E-00017
                  50      0.286177516782047E-00017
