                   1      0.286165224635975E-00017
                   2      0.286454062778356E-00017
                   3      0.286740492934829E-00017
                   4      0.287093916426983E-00017
                   5      0.287512337168674E-00017
                   6      0.287988647768473E-00017
                   7      0.288514405367565E-00017
                   8      0.289080500813240E-00017
                   9      0.289677426502525E-00017
                  10      0.290295438965515E-00017
                  11      0.290924679968930E-00017
                  12      0.291555288195203E-00017
                  13      0.292177517638204E-00017
                  14      0.292781865604749E-00017
                  15      0.293359201899813E-00017
                  16      0.293900885897540E-00017
                  17      0.294398866336657E-00017
                  18      0.294845768273057E-00017
                  19      0.295234978479367E-00017
                  20      0.295560735856462E-00017
                  21      0.295818210530705E-00017
                  22      0.296003562347439E-00017
                  23      0.296114018427535E-00017
                  24      0.296149521173387E-00017
                  25      0.296149810776959E-00017
                  26      0.296149810954048E-00017
                  27      0.296149463534524E-00017
                  28      0.296112865503705E-00017
                  29      0.296001742831268E-00017
                  30      0.295815895848497E-00017
                  31      0.295558018192435E-00017
                  32      0.295231931143308E-00017
                  33      0.294842460959899E-00017
                  34      0.294395365518354E-00017
                  35      0.293897259157365E-00017
                  36      0.293355533302697E-00017
                  37      0.292778266723642E-00017
                  38      0.292174119993289E-00017
                  39      0.291552219415349E-00017
                  40      0.290922040766050E-00017
                  41      0.290293299383669E-00017
                  42      0.289675846426517E-00017
                  43      0.289079562718725E-00017
                  44      0.288514237408524E-00017
                  45      0.287989421446430E-00017
                  46      0.287514241912695E-00017
                  47      0.287097125353416E-00017
                  48      0.286745125531722E-00017
                  49      0.286460074457697E-00017
                  50      0.286177516762787E-00017
