                   1      0.286177516641432E-00017
                   2      0.286621468296288E-00017
                   3      0.286964648347171E-00017
                   4      0.287364552559454E-00017
                   5      0.287822419663551E-00017
                   6      0.288331957438292E-00017
                   7      0.288884796398630E-00017
                   8      0.289471766212629E-00017
                   9      0.290083257396332E-00017
                  10      0.290709442194288E-00017
                  11      0.291340436146561E-00017
                  12      0.291966426394170E-00017
                  13      0.292577795279425E-00017
                  14      0.293165250100568E-00017
                  15      0.293719948923697E-00017
                  16      0.294233613424910E-00017
                  17      0.294698628984949E-00017
                  18      0.295108131735816E-00017
                  19      0.295456081875084E-00017
                  20      0.295737331558382E-00017
                  21      0.295947702954127E-00017
                  22      0.296084114300667E-00017
                  23      0.296145231004467E-00017
                  24      0.296149197410975E-00017
                  25      0.296149802051797E-00017
                  26      0.296149802006539E-00017
                  27      0.296149250893794E-00017
                  28      0.296144760990808E-00017
                  29      0.296083116950896E-00017
                  30      0.295946580986929E-00017
                  31      0.295736214242058E-00017
                  32      0.295454972839054E-00017
                  33      0.295106962939230E-00017
                  34      0.294697308697853E-00017
                  35      0.294232069596419E-00017
                  36      0.293718152018714E-00017
                  37      0.293163208028836E-00017
                  38      0.292575525932032E-00017
                  39      0.291963920718623E-00017
                  40      0.291337629348557E-00017
                  41      0.290706209071234E-00017
                  42      0.290079431979176E-00017
                  43      0.289467168373822E-00017
                  44      0.288879253888120E-00017
                  45      0.288325333608805E-00017
                  46      0.287814657360232E-00017
                  47      0.287355726993687E-00017
                  48      0.286955060097269E-00017
                  49      0.286612145842533E-00017
                  50      0.286165224538084E-00017
