                   1      0.286203576033735E-00017
                   2      0.287590019408275E-00017
                   3      0.288788175489243E-00017
                   4      0.290151507964936E-00017
                   5      0.291560208835971E-00017
                   6      0.292918917557887E-00017
                   7      0.294129617975182E-00017
                   8      0.295106496086637E-00017
                   9      0.295781749108029E-00017
                  10      0.296116659334600E-00017
                  11      0.296175173337328E-00017
                  12      0.296176142660945E-00017
                  13      0.296176473893353E-00017
                  14      0.296135519187655E-00017
                  15      0.295844961372429E-00017
                  16      0.295217824169588E-00017
                  17      0.294282302698653E-00017
                  18      0.293101612434255E-00017
                  19      0.291756919510662E-00017
                  20      0.290333062347012E-00017
                  21      0.288904498381463E-00017
                  22      0.287519328408039E-00017
                  23      0.286271838757084E-00017
                  24      0.287455486026202E-00017
                  25      0.288724466372523E-00017
                  26      0.289593283142776E-00017
                  27      0.290374329184949E-00017
                  28      0.291438239960588E-00017
                  29      0.292698503080353E-00017
                  30      0.294071611031721E-00017
                  31      0.295488247706303E-00017
                  32      0.296890148526752E-00017
                  33      0.298228020127806E-00017
                  34      0.299462047758566E-00017
                  35      0.300562269626194E-00017
                  36      0.301507696828157E-00017
                  37      0.302284573160599E-00017
                  38      0.302884566996056E-00017
                  39      0.303303639331069E-00017
                  40      0.303542283010318E-00017
                  41      0.303622927065789E-00017
                  42      0.303622778689975E-00017
                  43      0.302011793828930E-00017
                  44      0.299869070633366E-00017
                  45      0.297251956152837E-00017
                  46      0.294482678785120E-00017
                  47      0.291880271630137E-00017
                  48      0.289645607844240E-00017
                  49      0.287898161145243E-00017
                  50      0.286165224580529E-00017
