                   1      0.286165224587180E-00017
                   2      0.287952634476475E-00017
                   3      0.289275703008380E-00017
                   4      0.290719102437798E-00017
                   5      0.292168565591519E-00017
                   6      0.293518491171907E-00017
                   7      0.294664717840430E-00017
                   8      0.295518513606377E-00017
                   9      0.296015337355325E-00017
                  10      0.296149011501935E-00017
                  11      0.296150352502983E-00017
                  12      0.296150364781891E-00017
                  13      0.296150438829534E-00017
                  14      0.296087652797883E-00017
                  15      0.295702852780880E-00017
                  16      0.294951295309840E-00017
                  17      0.293885771554189E-00017
                  18      0.292588204146307E-00017
                  19      0.291158534760637E-00017
                  20      0.289712315416742E-00017
                  21      0.288373751737251E-00017
                  22      0.287008618031804E-00017
                  23      0.287784140636080E-00017
                  24      0.289458930475904E-00017
                  25      0.290465463930131E-00017
                  26      0.290576345787318E-00017
                  27      0.290969154791950E-00017
                  28      0.291603863556851E-00017
                  29      0.292442797481857E-00017
                  30      0.293419547058624E-00017
                  31      0.294465550710136E-00017
                  32      0.295522311439792E-00017
                  33      0.296541405302396E-00017
                  34      0.297485387371808E-00017
                  35      0.298327627568870E-00017
                  36      0.299050575275269E-00017
                  37      0.299643203778030E-00017
                  38      0.300098856579899E-00017
                  39      0.300414303409765E-00017
                  40      0.300590029530616E-00017
                  41      0.300631234693651E-00017
                  42      0.300549078630387E-00017
                  43      0.300131321382323E-00017
                  44      0.299986844228634E-00017
                  45      0.298416396687816E-00017
                  46      0.295734448947890E-00017
                  47      0.292930318131835E-00017
                  48      0.290443454518658E-00017
                  49      0.288446170032727E-00017
                  50      0.286203576094235E-00017
