                   1      0.286218325264189E-00017
                   2      0.286508160393470E-00017
                   3      0.286797309895732E-00017
                   4      0.287153070646886E-00017
                   5      0.287573610758911E-00017
                   6      0.288052127272723E-00017
                   7      0.288580185042241E-00017
                   8      0.289148646267838E-00017
                   9      0.289747947350296E-00017
                  10      0.290368282959806E-00017
                  11      0.290999749897841E-00017
                  12      0.291632461029698E-00017
                  13      0.292256658910632E-00017
                  14      0.292862844052667E-00017
                  15      0.293441892933681E-00017
                  16      0.293985144512999E-00017
                  17      0.294484483389859E-00017
                  18      0.294932454034055E-00017
                  19      0.295322382296884E-00017
                  20      0.295648474740696E-00017
                  21      0.295905890409221E-00017
                  22      0.296090800082293E-00017
                  23      0.296200484276618E-00017
                  24      0.296235312291854E-00017
                  25      0.296235596594906E-00017
                  26      0.296235596609301E-00017
                  27      0.296235022188673E-00017
                  28      0.296197184067346E-00017
                  29      0.296084587495971E-00017
                  30      0.295896915538090E-00017
                  31      0.295636853085742E-00017
                  32      0.295308238320892E-00017
                  33      0.294915924200268E-00017
                  34      0.294465697939711E-00017
                  35      0.293964200467069E-00017
                  36      0.293418841269279E-00017
                  37      0.292837709777354E-00017
                  38      0.292229481807924E-00017
                  39      0.291603316249914E-00017
                  40      0.290968739244302E-00017
                  41      0.290335519386411E-00017
                  42      0.289713542405385E-00017
                  43      0.289112692943115E-00017
                  44      0.288542742942358E-00017
                  45      0.288013233761253E-00017
                  46      0.287533324368553E-00017
                  47      0.287111532495164E-00017
                  48      0.286754859410121E-00017
                  49      0.286465355038991E-00017
                  50      0.286177516670794E-00017
