                   1      0.286165224497764E-00017
                   2      0.286620156359724E-00017
                   3      0.286964762477394E-00017
                   4      0.287367412171063E-00017
                   5      0.287828451070646E-00017
                   6      0.288341382205513E-00017
                   7      0.288897699296158E-00017
                   8      0.289488148079232E-00017
                   9      0.290103081828545E-00017
                  10      0.290732662951692E-00017
                  11      0.291367008016838E-00017
                  12      0.291996311071370E-00017
                  13      0.292610964054385E-00017
                  14      0.293201678884728E-00017
                  15      0.293759604394648E-00017
                  16      0.294276433030600E-00017
                  17      0.294744501120472E-00017
                  18      0.295156887581888E-00017
                  19      0.295507507983135E-00017
                  20      0.295791195243764E-00017
                  21      0.296003765594158E-00017
                  22      0.296142110787549E-00017
                  23      0.296204792892443E-00017
                  24      0.296209200626012E-00017
                  25      0.296209811874874E-00017
                  26      0.296209811859973E-00017
                  27      0.296209278546170E-00017
                  28      0.296204937436618E-00017
                  29      0.296143990220831E-00017
                  30      0.296008043431105E-00017
                  31      0.295798041340224E-00017
                  32      0.295516935716645E-00017
                  33      0.295168838128242E-00017
                  34      0.294758868705772E-00017
                  35      0.294293080239198E-00017
                  36      0.293778382837036E-00017
                  37      0.293222450198696E-00017
                  38      0.292633608784836E-00017
                  39      0.292020720164973E-00017
                  40      0.291393066251959E-00017
                  41      0.290760240103243E-00017
                  42      0.290132037638541E-00017
                  43      0.289518342964840E-00017
                  44      0.288928999778753E-00017
                  45      0.288373656548416E-00017
                  46      0.287861555369362E-00017
                  47      0.287401162958026E-00017
                  48      0.286998886478216E-00017
                  49      0.286653754073063E-00017
                  50      0.286203575962863E-00017
