                   1      0.286218325290155E-00017
                   2      0.286505209410497E-00017
                   3      0.286791662340986E-00017
                   4      0.287144446574626E-00017
                   5      0.287562101311267E-00017
                   6      0.288037641007158E-00017
                   7      0.288562664728931E-00017
                   8      0.289128079298065E-00017
                   9      0.289724366441614E-00017
                  10      0.290341745569466E-00017
                  11      0.290970312813377E-00017
                  12      0.291600179149377E-00017
                  13      0.292221608501502E-00017
                  14      0.292825140444916E-00017
                  15      0.293401689191730E-00017
                  16      0.293942633786585E-00017
                  17      0.294439918833142E-00017
                  18      0.294886165279477E-00017
                  19      0.295274773295911E-00017
                  20      0.295600002937637E-00017
                  21      0.295857032046313E-00017
                  22      0.296042005210758E-00017
                  23      0.296152117018120E-00017
                  24      0.296187294312741E-00017
                  25      0.296187575768479E-00017
                  26      0.296187575507468E-00017
                  27      0.296187258685454E-00017
                  28      0.296150315003461E-00017
                  29      0.296038758884784E-00017
                  30      0.295852493030293E-00017
                  31      0.295594203027432E-00017
                  32      0.295267709886631E-00017
                  33      0.294877847504084E-00017
                  34      0.294430384607474E-00017
                  35      0.293931944404282E-00017
                  36      0.293389916319409E-00017
                  37      0.292812360130106E-00017
                  38      0.292207907092990E-00017
                  39      0.291585660380048E-00017
                  40      0.290955092904273E-00017
                  41      0.290325934922635E-00017
                  42      0.289708056788373E-00017
                  43      0.289111346567969E-00017
                  44      0.288545587066496E-00017
                  45      0.288020322807870E-00017
                  46      0.287544687779338E-00017
                  47      0.287127130864744E-00017
                  48      0.286774744480521E-00017
                  49      0.286489525710369E-00017
                  50      0.286203576128419E-00017
