                   1      0.286177516646422E-00017
                   2      0.288292738211498E-00017
                   3      0.289657348397630E-00017
                   4      0.291107750323204E-00017
                   5      0.292526206453561E-00017
                   6      0.293801697893638E-00017
                   7      0.294859757213668E-00017
                   8      0.295628804278784E-00017
                   9      0.296061999114187E-00017
                  10      0.296173701600013E-00017
                  11      0.296175594960384E-00017
                  12      0.296175639345421E-00017
                  13      0.296175644250664E-00017
                  14      0.296175731596648E-00017
                  15      0.296118330782643E-00017
                  16      0.295778915404103E-00017
                  17      0.295100608105688E-00017
                  18      0.294118192519552E-00017
                  19      0.292893352654978E-00017
                  20      0.291507151310009E-00017
                  21      0.289936378317309E-00017
                  22      0.288220059610477E-00017
                  23      0.286458638544065E-00017
                  24      0.287924904747071E-00017
                  25      0.288959860694737E-00017
                  26      0.289844970910652E-00017
                  27      0.291000916685102E-00017
                  28      0.292615846330597E-00017
                  29      0.294368076012019E-00017
                  30      0.296171341812089E-00017
                  31      0.297954033534445E-00017
                  32      0.299654654581788E-00017
                  33      0.301222557404434E-00017
                  34      0.302620169166981E-00017
                  35      0.303823260391845E-00017
                  36      0.304819340511990E-00017
                  37      0.305604793571520E-00017
                  38      0.306181852652649E-00017
                  39      0.306558028644266E-00017
                  40      0.306730579078305E-00017
                  41      0.306730801172840E-00017
                  42      0.306027661009565E-00017
                  43      0.304649451069198E-00017
                  44      0.302482813578335E-00017
                  45      0.299721101614520E-00017
                  46      0.296719928459088E-00017
                  47      0.293793536897118E-00017
                  48      0.291172051761199E-00017
                  49      0.288999361412063E-00017
                  50      0.286218325273854E-00017
