                   1      0.286218325296390E-00017
                   2      0.286275711342466E-00017
                   3      0.286427705619457E-00017
                   4      0.286665493525721E-00017
                   5      0.286981981681237E-00017
                   6      0.287369328097366E-00017
                   7      0.287819232190199E-00017
                   8      0.288322974578054E-00017
                   9      0.288871414312818E-00017
                  10      0.289455038552122E-00017
                  11      0.290064066001541E-00017
                  12      0.290688581502012E-00017
                  13      0.291318673076555E-00017
                  14      0.291944552083602E-00017
                  15      0.292556648557606E-00017
                  16      0.293145699217868E-00017
                  17      0.293702845796672E-00017
                  18      0.294219746065867E-00017
                  19      0.294688683696334E-00017
                  20      0.295102670274841E-00017
                  21      0.295455541723050E-00017
                  22      0.295742050584694E-00017
                  23      0.295957943814630E-00017
                  24      0.296100009119647E-00017
                  25      0.296166031721203E-00017
                  26      0.296164358308450E-00017
                  27      0.296094284286557E-00017
                  28      0.295948237698092E-00017
                  29      0.295728452628509E-00017
                  30      0.295438170135837E-00017
                  31      0.295081663006284E-00017
                  32      0.294664183286271E-00017
                  33      0.294191889394301E-00017
                  34      0.293671763500975E-00017
                  35      0.293111521991470E-00017
                  36      0.292519518518794E-00017
                  37      0.291904639913257E-00017
                  38      0.291276196548854E-00017
                  39      0.290643808315761E-00017
                  40      0.290017289391896E-00017
                  41      0.289406538131297E-00017
                  42      0.288821433235158E-00017
                  43      0.288271727611241E-00017
                  44      0.287766935200186E-00017
                  45      0.287316227093059E-00017
                  46      0.286928365010893E-00017
                  47      0.286611670683945E-00017
                  48      0.286373958910904E-00017
                  49      0.286222266076377E-00017
                  50      0.286165224514880E-00017
