                   1      0.286218325219484E-00017
                   2      0.287880148257289E-00017
                   3      0.289176131744190E-00017
                   4      0.290609295898228E-00017
                   5      0.292070487715417E-00017
                   6      0.293447060272711E-00017
                   7      0.294630791521170E-00017
                   8      0.295528871052414E-00017
                   9      0.296071906550430E-00017
                  10      0.296234444879682E-00017
                  11      0.296235793079952E-00017
                  12      0.296235793350420E-00017
                  13      0.296235656690259E-00017
                  14      0.296133816560481E-00017
                  15      0.295669520053405E-00017
                  16      0.294840241146753E-00017
                  17      0.293708324111650E-00017
                  18      0.292361802197941E-00017
                  19      0.290905957982133E-00017
                  20      0.289454610663804E-00017
                  21      0.288126846143582E-00017
                  22      0.286872339785719E-00017
                  23      0.287750209775384E-00017
                  24      0.288741543812287E-00017
                  25      0.288878558391298E-00017
                  26      0.289230476869480E-00017
                  27      0.289988250000912E-00017
                  28      0.291059027447194E-00017
                  29      0.292346641245297E-00017
                  30      0.293768138163684E-00017
                  31      0.295250706270292E-00017
                  32      0.296728081684091E-00017
                  33      0.298142509976967E-00017
                  34      0.299447049072054E-00017
                  35      0.300606515790953E-00017
                  36      0.301596697151422E-00017
                  37      0.302402317637097E-00017
                  38      0.303014739316038E-00017
                  39      0.303430321355002E-00017
                  40      0.303649922270134E-00017
                  41      0.303680637798878E-00017
                  42      0.303343757781576E-00017
                  43      0.303335487990865E-00017
                  44      0.301723934200404E-00017
                  45      0.298691424532393E-00017
                  46      0.295538162359099E-00017
                  47      0.292632526574177E-00017
                  48      0.290170603906105E-00017
                  49      0.288239038163551E-00017
                  50      0.286165224513097E-00017
