                   1      0.286203576059786E-00017
                   2      0.286657361397342E-00017
                   3      0.287003087330539E-00017
                   4      0.287405610086265E-00017
                   5      0.287866168685048E-00017
                   6      0.288378439085296E-00017
                   7      0.288933950507011E-00017
                   8      0.289523450600513E-00017
                   9      0.290137285714575E-00017
                  10      0.290765602509146E-00017
                  11      0.291398495250916E-00017
                  12      0.292026138819446E-00017
                  13      0.292638917074834E-00017
                  14      0.293227547113422E-00017
                  15      0.293783195793984E-00017
                  16      0.294297582383049E-00017
                  17      0.294763067932030E-00017
                  18      0.295172742812014E-00017
                  19      0.295520520608591E-00017
                  20      0.295801232195500E-00017
                  21      0.296010713681228E-00017
                  22      0.296145927240528E-00017
                  23      0.296205661897038E-00017
                  24      0.296209528533170E-00017
                  25      0.296209819913184E-00017
                  26      0.296209820246907E-00017
                  27      0.296208910694140E-00017
                  28      0.296204283589900E-00017
                  29      0.296140760108757E-00017
                  30      0.296001930805620E-00017
                  31      0.295788980001193E-00017
                  32      0.295504942109539E-00017
                  33      0.295153988374720E-00017
                  34      0.294741284751392E-00017
                  35      0.294272910566957E-00017
                  36      0.293755780773400E-00017
                  37      0.293197559211974E-00017
                  38      0.292606562059015E-00017
                  39      0.291991650113361E-00017
                  40      0.291362109991531E-00017
                  41      0.290727533268879E-00017
                  42      0.290097704414063E-00017
                  43      0.289482495803700E-00017
                  44      0.288891755180872E-00017
                  45      0.288335165337936E-00017
                  46      0.287822044001878E-00017
                  47      0.287360992825812E-00017
                  48      0.286958722218230E-00017
                  49      0.286615263012025E-00017
                  50      0.286165224560961E-00017
