                   1      0.286203576121525E-00017
                   2      0.286257476333280E-00017
                   3      0.286405868419686E-00017
                   4      0.286640520501837E-00017
                   5      0.286954239219117E-00017
                   6      0.287339195876815E-00017
                   7      0.287787144889630E-00017
                   8      0.288289392265886E-00017
                   9      0.288836764517474E-00017
                  10      0.289419697750881E-00017
                  11      0.290028414051287E-00017
                  12      0.290653076752045E-00017
                  13      0.291283852413822E-00017
                  14      0.291910946019468E-00017
                  15      0.292524717065635E-00017
                  16      0.293115842958812E-00017
                  17      0.293675439753357E-00017
                  18      0.294195145970360E-00017
                  19      0.294667216094473E-00017
                  20      0.295084630642775E-00017
                  21      0.295441202608913E-00017
                  22      0.295731662440991E-00017
                  23      0.295951719820582E-00017
                  24      0.296098110805755E-00017
                  25      0.296168595281978E-00017
                  26      0.296168091775299E-00017
                  27      0.296096478150974E-00017
                  28      0.295948961953378E-00017
                  29      0.295727740212075E-00017
                  30      0.295436068277269E-00017
                  31      0.295078253814611E-00017
                  32      0.294659595242144E-00017
                  33      0.294186296220974E-00017
                  34      0.293665370990913E-00017
                  35      0.293104550815591E-00017
                  36      0.292512192790608E-00017
                  37      0.291897182931335E-00017
                  38      0.291268829896621E-00017
                  39      0.290636755810675E-00017
                  40      0.290010787444273E-00017
                  41      0.289400844288455E-00017
                  42      0.288816822357328E-00017
                  43      0.288268474671545E-00017
                  44      0.287765292229392E-00017
                  45      0.287316405929257E-00017
                  46      0.286930543648962E-00017
                  47      0.286616035637774E-00017
                  48      0.286380764723484E-00017
                  49      0.286231906277378E-00017
                  50      0.286177516491622E-00017
