                   1      0.286218325256632E-00017
                   2      0.286742475678734E-00017
                   3      0.288059523057064E-00017
                   4      0.289884953584445E-00017
                   5      0.291902877902230E-00017
                   6      0.293792577419607E-00017
                   7      0.295264575647582E-00017
                   8      0.296096405221061E-00017
                   9      0.296193395657196E-00017
                  10      0.295560240481822E-00017
                  11      0.294242381930459E-00017
                  12      0.292436813991023E-00017
                  13      0.290417938829433E-00017
                  14      0.288501851468635E-00017
                  15      0.287009735136567E-00017
                  16      0.286255692701317E-00017
                  17      0.286677016561579E-00017
                  18      0.288007610060397E-00017
                  19      0.289987000381630E-00017
                  20      0.292598900322529E-00017
                  21      0.295665521012910E-00017
                  22      0.298934387715652E-00017
                  23      0.302139928904581E-00017
                  24      0.305030215833021E-00017
                  25      0.307388559825341E-00017
                  26      0.309044058567418E-00017
                  27      0.309760467296877E-00017
                  28      0.307788208635978E-00017
                  29      0.303352715633971E-00017
                  30      0.298516664696727E-00017
                  31      0.294070164315930E-00017
                  32      0.290452336524700E-00017
                  33      0.287897467691280E-00017
                  34      0.286487352821928E-00017
                  35      0.286213811685202E-00017
                  36      0.286975872311159E-00017
                  37      0.288455980902384E-00017
                  38      0.290361350500270E-00017
                  39      0.292372659593397E-00017
                  40      0.294174164286987E-00017
                  41      0.295491464596970E-00017
                  42      0.296128051244066E-00017
                  43      0.296037105320749E-00017
                  44      0.295216937331123E-00017
                  45      0.293762079577524E-00017
                  46      0.291889799607085E-00017
                  47      0.289882972541548E-00017
                  48      0.288058806615667E-00017
                  49      0.286738107336678E-00017
                  50      0.286218325225468E-00017
