                   1      0.286165224602313E-00017
                   2      0.287653777209516E-00017
                   3      0.288888968620593E-00017
                   4      0.290280338093327E-00017
                   5      0.291725362692162E-00017
                   6      0.293111068822329E-00017
                   7      0.294329152034847E-00017
                   8      0.295284992635327E-00017
                   9      0.295904782233172E-00017
                  10      0.296144411318345E-00017
                  11      0.296149867182551E-00017
                  12      0.296149870359658E-00017
                  13      0.296149861916961E-00017
                  14      0.296036026496591E-00017
                  15      0.295552185115961E-00017
                  16      0.294712587541299E-00017
                  17      0.293581017869252E-00017
                  18      0.292245122204190E-00017
                  19      0.290809306969694E-00017
                  20      0.289386618510534E-00017
                  21      0.288088556664053E-00017
                  22      0.286949524213042E-00017
                  23      0.287027845201674E-00017
                  24      0.287067372446044E-00017
                  25      0.287961156054098E-00017
                  26      0.289293658002537E-00017
                  27      0.290971971127830E-00017
                  28      0.292921520959428E-00017
                  29      0.295057415065690E-00017
                  30      0.297287286603685E-00017
                  31      0.299518083253006E-00017
                  32      0.301662111829998E-00017
                  33      0.303642508194173E-00017
                  34      0.305397729762374E-00017
                  35      0.306884332255286E-00017
                  36      0.308077264767536E-00017
                  37      0.308967312826393E-00017
                  38      0.309555972375270E-00017
                  39      0.309847192143284E-00017
                  40      0.309830413660990E-00017
                  41      0.309830140669937E-00017
                  42      0.308036615635200E-00017
                  43      0.305226793692195E-00017
                  44      0.301813162944021E-00017
                  45      0.298309082476098E-00017
                  46      0.295045702144116E-00017
                  47      0.292195423979192E-00017
                  48      0.289849693112061E-00017
                  49      0.288046360971179E-00017
                  50      0.286218325252383E-00017
