                   1      0.286218325316007E-00017
                   2      0.290072255782743E-00017
                   3      0.291533530723046E-00017
                   4      0.292914539722949E-00017
                   5      0.294134451845377E-00017
                   6      0.295128718623253E-00017
                   7      0.295831842608698E-00017
                   8      0.296193517450971E-00017
                   9      0.296237915533911E-00017
                  10      0.296240569468478E-00017
                  11      0.296246274129414E-00017
                  12      0.296246283007878E-00017
                  13      0.296246283376913E-00017
                  14      0.296245976942982E-00017
                  15      0.296238501963395E-00017
                  16      0.296230815043268E-00017
                  17      0.295987658234774E-00017
                  18      0.295390548465928E-00017
                  19      0.294479552120960E-00017
                  20      0.293303724367860E-00017
                  21      0.289612481590372E-00017
                  22      0.291598732316127E-00017
                  23      0.295189287527498E-00017
                  24      0.298163928888717E-00017
                  25      0.301307317018510E-00017
                  26      0.304484290825012E-00017
                  27      0.307559666433705E-00017
                  28      0.310416848592540E-00017
                  29      0.312955967950695E-00017
                  30      0.315101469072969E-00017
                  31      0.316810258076904E-00017
                  32      0.318078875180494E-00017
                  33      0.318945862468596E-00017
                  34      0.319483618189579E-00017
                  35      0.319777653428423E-00017
                  36      0.319846766057737E-00017
                  37      0.319800369657921E-00017
                  38      0.319736020877300E-00017
                  39      0.319762202139303E-00017
                  40      0.319393244815424E-00017
                  41      0.317838661860921E-00017
                  42      0.315243060800838E-00017
                  43      0.311979610624342E-00017
                  44      0.308376972044661E-00017
                  45      0.304674781924743E-00017
                  46      0.301046821793637E-00017
                  47      0.297625773237794E-00017
                  48      0.294493290675643E-00017
                  49      0.291717779157324E-00017
                  50      0.286203576049053E-00017
