                   1      0.286218325366139E-00017
                   2      0.287866385008972E-00017
                   3      0.289161525879299E-00017
                   4      0.290594408750517E-00017
                   5      0.292046513977863E-00017
                   6      0.293413975359162E-00017
                   7      0.294589149485990E-00017
                   8      0.295479661007193E-00017
                   9      0.296016173390525E-00017
                  10      0.296170865105568E-00017
                  11      0.296171365194177E-00017
                  12      0.296171365183823E-00017
                  13      0.296171323274107E-00017
                  14      0.296073691162501E-00017
                  15      0.295612491817237E-00017
                  16      0.294787545130378E-00017
                  17      0.293661137749483E-00017
                  18      0.292321126088770E-00017
                  19      0.290873046310789E-00017
                  20      0.289419182668362E-00017
                  21      0.288057773339316E-00017
                  22      0.286783045039734E-00017
                  23      0.287784821601805E-00017
                  24      0.288769449010788E-00017
                  25      0.288956139179321E-00017
                  26      0.289333006090614E-00017
                  27      0.290138891670188E-00017
                  28      0.291243370302359E-00017
                  29      0.292551073819212E-00017
                  30      0.293982336011516E-00017
                  31      0.295465747995406E-00017
                  32      0.296936264492934E-00017
                  33      0.298337416752881E-00017
                  34      0.299623520031747E-00017
                  35      0.300760484776616E-00017
                  36      0.301724979757860E-00017
                  37      0.302502465065181E-00017
                  38      0.303085022304847E-00017
                  39      0.303469826456873E-00017
                  40      0.303658639200206E-00017
                  41      0.303658218764212E-00017
                  42      0.303363920140478E-00017
                  43      0.303359028773104E-00017
                  44      0.301882157945973E-00017
                  45      0.298750142718078E-00017
                  46      0.295556361448999E-00017
                  47      0.292637443559645E-00017
                  48      0.290168371228632E-00017
                  49      0.288236107525875E-00017
                  50      0.286177516749775E-00017
