                   1      0.230424576400764E-00017
                   2      0.231239409211850E-00017
                   3      0.232108435077576E-00017
                   4      0.233145142683292E-00017
                   5      0.234264343518923E-00017
                   6      0.235375629389396E-00017
                   7      0.236391416472706E-00017
                   8      0.237233009344367E-00017
                   9      0.237836256914374E-00017
                  10      0.238155026177275E-00017
                  11      0.238198868760448E-00017
                  12      0.238198879410831E-00017
                  13      0.238192265886009E-00017
                  14      0.237975888281023E-00017
                  15      0.237463500550208E-00017
                  16      0.236694793904989E-00017
                  17      0.235727707779569E-00017
                  18      0.234636107500507E-00017
                  19      0.233505136474907E-00017
                  20      0.232424596977445E-00017
                  21      0.231482735356778E-00017
                  22      0.230740850810977E-00017
                  23      0.230924845796070E-00017
                  24      0.230972979534928E-00017
                  25      0.231485794902286E-00017
                  26      0.232355117232265E-00017
                  27      0.233524431001829E-00017
                  28      0.234941412260643E-00017
                  29      0.236542992525653E-00017
                  30      0.238259273947900E-00017
                  31      0.240017424369840E-00017
                  32      0.241745751227015E-00017
                  33      0.243377709562068E-00017
                  34      0.244855601195527E-00017
                  35      0.246133570388830E-00017
                  36      0.247179391160762E-00017
                  37      0.247974548792451E-00017
                  38      0.248512288559655E-00017
                  39      0.248792905534248E-00017
                  40      0.248815132756927E-00017
                  41      0.248403589156582E-00017
                  42      0.246504690769635E-00017
                  43      0.244059236577710E-00017
                  44      0.241332662477268E-00017
                  45      0.238657187990210E-00017
                  46      0.236235065314647E-00017
                  47      0.234172022573668E-00017
                  48      0.232526106593180E-00017
                  49      0.231323175488758E-00017
                  50      0.230356562123826E-00017
