                   1      0.230356562113713E-00017
                   2      0.231472411331493E-00017
                   3      0.232431902957995E-00017
                   4      0.233516110321519E-00017
                   5      0.234640337258532E-00017
                   6      0.235717684581791E-00017
                   7      0.236666190654814E-00017
                   8      0.237414392380884E-00017
                   9      0.237906948848272E-00017
                  10      0.238114625968879E-00017
                  11      0.238130617779741E-00017
                  12      0.238130628621014E-00017
                  13      0.238130201438381E-00017
                  14      0.238047271724538E-00017
                  15      0.237697132941039E-00017
                  16      0.237072769510273E-00017
                  17      0.236218458551319E-00017
                  18      0.235198127468277E-00017
                  19      0.234088942457310E-00017
                  20      0.232975618330347E-00017
                  21      0.231941878828576E-00017
                  22      0.230946248801527E-00017
                  23      0.231015818597442E-00017
                  24      0.231822901445733E-00017
                  25      0.231873856429980E-00017
                  26      0.232438302087608E-00017
                  27      0.233358071518542E-00017
                  28      0.234499687254831E-00017
                  29      0.235801705862350E-00017
                  30      0.237206642101768E-00017
                  31      0.238654581227779E-00017
                  32      0.240087128021865E-00017
                  33      0.241451000538236E-00017
                  34      0.242700830487422E-00017
                  35      0.243801036990793E-00017
                  36      0.244726491024860E-00017
                  37      0.245461920977219E-00017
                  38      0.246000351778852E-00017
                  39      0.246341376092330E-00017
                  40      0.246486409108860E-00017
                  41      0.246193016380037E-00017
                  42      0.246126310388308E-00017
                  43      0.244491567341468E-00017
                  44      0.242177480471618E-00017
                  45      0.239656009289426E-00017
                  46      0.237209170218551E-00017
                  47      0.235023646731160E-00017
                  48      0.233205904137296E-00017
                  49      0.231805087632944E-00017
                  50      0.230429035506812E-00017
