                   1      0.230424576371444E-00017
                   2      0.230471541059923E-00017
                   3      0.230591641520426E-00017
                   4      0.230778655412927E-00017
                   5      0.231027091715638E-00017
                   6      0.231330866267285E-00017
                   7      0.231683461515694E-00017
                   8      0.232077969427961E-00017
                   9      0.232507152820283E-00017
                  10      0.232963530571355E-00017
                  11      0.233439459566743E-00017
                  12      0.233927209884141E-00017
                  13      0.234419047665951E-00017
                  14      0.234907326906811E-00017
                  15      0.235384578448107E-00017
                  16      0.235843592902656E-00017
                  17      0.236277502016394E-00017
                  18      0.236679859564755E-00017
                  19      0.237044720347648E-00017
                  20      0.237366715004097E-00017
                  21      0.237641116968692E-00017
                  22      0.237863902273320E-00017
                  23      0.238031804911194E-00017
                  24      0.238142354747198E-00017
                  25      0.238193831880424E-00017
                  26      0.238192844792538E-00017
                  27      0.238138854218521E-00017
                  28      0.238025817613843E-00017
                  29      0.237855443589284E-00017
                  30      0.237630213020576E-00017
                  31      0.237353396872632E-00017
                  32      0.237029020334767E-00017
                  33      0.236661813316885E-00017
                  34      0.236257151000719E-00017
                  35      0.235820985260698E-00017
                  36      0.235359769659243E-00017
                  37      0.234880379539506E-00017
                  38      0.234390028558037E-00017
                  39      0.233896186083910E-00017
                  40      0.233406497079787E-00017
                  41      0.232928699091162E-00017
                  42      0.232470533627215E-00017
                  43      0.232039657204061E-00017
                  44      0.231643556957327E-00017
                  45      0.231289471164950E-00017
                  46      0.230984317394497E-00017
                  47      0.230734634630149E-00017
                  48      0.230546523283258E-00017
                  49      0.230425469655640E-00017
                  50      0.230377550690317E-00017
