                   1      0.230356562137504E-00017
                   2      0.230413021168926E-00017
                   3      0.230541969283596E-00017
                   4      0.230736737170113E-00017
                   5      0.230992077627510E-00017
                   6      0.231301933660382E-00017
                   7      0.231659772883417E-00017
                   8      0.232058662346683E-00017
                   9      0.232491334563758E-00017
                  10      0.232950274352741E-00017
                  11      0.233427814835859E-00017
                  12      0.233916229891511E-00017
                  13      0.234407814980954E-00017
                  14      0.234894960140725E-00017
                  15      0.235370229297037E-00017
                  16      0.235826451178193E-00017
                  17      0.236256809528332E-00017
                  18      0.236654923794695E-00017
                  19      0.237014926948153E-00017
                  20      0.237331541609423E-00017
                  21      0.237600144623027E-00017
                  22      0.237816817803810E-00017
                  23      0.237978389745439E-00017
                  24      0.238082463399374E-00017
                  25      0.238127351494523E-00017
                  26      0.238127633036078E-00017
                  27      0.238083714378879E-00017
                  28      0.237980764694323E-00017
                  29      0.237820323810520E-00017
                  30      0.237604764100538E-00017
                  31      0.237337246949009E-00017
                  32      0.237021692148590E-00017
                  33      0.236662729717755E-00017
                  34      0.236265641846437E-00017
                  35      0.235836295997361E-00017
                  36      0.235381069839980E-00017
                  37      0.234906770827758E-00017
                  38      0.234420555223188E-00017
                  39      0.233929848147963E-00017
                  40      0.233442262402900E-00017
                  41      0.232965514393691E-00017
                  42      0.232507337543177E-00017
                  43      0.232075395411640E-00017
                  44      0.231677195292903E-00017
                  45      0.231320000871417E-00017
                  46      0.231010749839299E-00017
                  47      0.230755986422268E-00017
                  48      0.230561777687981E-00017
                  49      0.230433376416179E-00017
                  50      0.230377550615965E-00017
