                   1      0.230377550638089E-00017
                   2      0.230445956957956E-00017
                   3      0.230584478997164E-00017
                   4      0.230787970676325E-00017
                   5      0.231051376707981E-00017
                   6      0.231368649180062E-00017
                   7      0.231733223475465E-00017
                   8      0.232138129302935E-00017
                   9      0.232576072103985E-00017
                  10      0.233039518988049E-00017
                  11      0.233520786651958E-00017
                  12      0.234012130333338E-00017
                  13      0.234505830364552E-00017
                  14      0.234994274448707E-00017
                  15      0.235470038872525E-00017
                  16      0.235925972799439E-00017
                  17      0.236355287630470E-00017
                  18      0.236751644708150E-00017
                  19      0.237109231891113E-00017
                  20      0.237422829703026E-00017
                  21      0.237687871459838E-00017
                  22      0.237900496434708E-00017
                  23      0.238057595445167E-00017
                  24      0.238156840116684E-00017
                  25      0.238196700444910E-00017
                  26      0.238197111655429E-00017
                  27      0.238159542347878E-00017
                  28      0.238062777168145E-00017
                  29      0.237908172733844E-00017
                  30      0.237698023907064E-00017
                  31      0.237435413886831E-00017
                  32      0.237124191278305E-00017
                  33      0.236768924571913E-00017
                  34      0.236374842213112E-00017
                  35      0.235947762939800E-00017
                  36      0.235494020791551E-00017
                  37      0.235020388491140E-00017
                  38      0.234534000905865E-00017
                  39      0.234042276242766E-00017
                  40      0.233552832378479E-00017
                  41      0.233073398836096E-00017
                  42      0.232611724440252E-00017
                  43      0.232175484849520E-00017
                  44      0.231772197855657E-00017
                  45      0.231409143319484E-00017
                  46      0.231093283422576E-00017
                  47      0.230831185930570E-00017
                  48      0.230628911378880E-00017
                  49      0.230491541389539E-00017
                  50      0.230424576414365E-00017
