                   1      0.230424576369679E-00017
                   2      0.230463617381850E-00017
                   3      0.230575783687704E-00017
                   4      0.230755420599012E-00017
                   5      0.230996927866741E-00017
                   6      0.231294209763077E-00017
                   7      0.231640773208356E-00017
                   8      0.232029748761975E-00017
                   9      0.232453929910762E-00017
                  10      0.232905851910058E-00017
                  11      0.233377884101942E-00017
                  12      0.233862316412752E-00017
                  13      0.234351441145934E-00017
                  14      0.234837634711910E-00017
                  15      0.235313439316745E-00017
                  16      0.235771643936609E-00017
                  17      0.236205366151874E-00017
                  18      0.236608136431993E-00017
                  19      0.236973982270771E-00017
                  20      0.237297505782987E-00017
                  21      0.237573950102050E-00017
                  22      0.237799256304462E-00017
                  23      0.237970114344799E-00017
                  24      0.238084004909884E-00017
                  25      0.238139209708940E-00017
                  26      0.238137401230599E-00017
                  27      0.238078302316372E-00017
                  28      0.237960542971137E-00017
                  29      0.237785844721457E-00017
                  30      0.237556736710858E-00017
                  31      0.237276542788520E-00017
                  32      0.236949339163877E-00017
                  33      0.236579900779024E-00017
                  34      0.236173640483062E-00017
                  35      0.235736539562308E-00017
                  36      0.235275069011712E-00017
                  37      0.234796108294468E-00017
                  38      0.234306867861724E-00017
                  39      0.233814814466060E-00017
                  40      0.233327592534040E-00017
                  41      0.232852936222180E-00017
                  42      0.232398577310604E-00017
                  43      0.231972155508477E-00017
                  44      0.231581130480840E-00017
                  45      0.231232700547943E-00017
                  46      0.230933739366838E-00017
                  47      0.230690753479884E-00017
                  48      0.230509840984767E-00017
                  49      0.230396585873159E-00017
                  50      0.230356562166266E-00017
