                   1      0.230377550643618E-00017
                   2      0.230451515650843E-00017
                   3      0.230594496454882E-00017
                   4      0.230801511618298E-00017
                   5      0.231067695396939E-00017
                   6      0.231387007966076E-00017
                   7      0.231752860406570E-00017
                   8      0.232158262503070E-00017
                   9      0.232595914037499E-00017
                  10      0.233058290140727E-00017
                  11      0.233537724139605E-00017
                  12      0.234026488293745E-00017
                  13      0.234516878303316E-00017
                  14      0.235001303439925E-00017
                  15      0.235472379197733E-00017
                  16      0.235923017054413E-00017
                  17      0.236346500826258E-00017
                  18      0.236736552484542E-00017
                  19      0.237087404935610E-00017
                  20      0.237393883866027E-00017
                  21      0.237651483854673E-00017
                  22      0.237856427464073E-00017
                  23      0.238005704758270E-00017
                  24      0.238097082717664E-00017
                  25      0.238129415909965E-00017
                  26      0.238129239504213E-00017
                  27      0.238095685147208E-00017
                  28      0.238003173024520E-00017
                  29      0.237852790081051E-00017
                  30      0.237646768116712E-00017
                  31      0.237388124342025E-00017
                  32      0.237080636659330E-00017
                  33      0.236728799752953E-00017
                  34      0.236337766835613E-00017
                  35      0.235913284669220E-00017
                  36      0.235461626980075E-00017
                  37      0.234989525754062E-00017
                  38      0.234504093936798E-00017
                  39      0.234012736821009E-00017
                  40      0.233523056298735E-00017
                  41      0.233042756645971E-00017
                  42      0.232579559041432E-00017
                  43      0.232141124107750E-00017
                  44      0.231734975386680E-00017
                  45      0.231368418468005E-00017
                  46      0.231048456583328E-00017
                  47      0.230781700360084E-00017
                  48      0.230574221692183E-00017
                  49      0.230430946770581E-00017
                  50      0.230356562117473E-00017
