                   1      0.230424576374562E-00017
                   2      0.230491558311230E-00017
                   3      0.230629124119387E-00017
                   4      0.230831566669444E-00017
                   5      0.231093869351527E-00017
                   6      0.231410003904927E-00017
                   7      0.231773409986130E-00017
                   8      0.232177108964515E-00017
                   9      0.232613796416947E-00017
                  10      0.233075937424661E-00017
                  11      0.233555856387310E-00017
                  12      0.234045821763714E-00017
                  13      0.234538129310579E-00017
                  14      0.235025182805696E-00017
                  15      0.235499570677243E-00017
                  16      0.235954146433983E-00017
                  17      0.236382118132687E-00017
                  18      0.236777143655236E-00017
                  19      0.237133410168382E-00017
                  20      0.237445694656531E-00017
                  21      0.237709421131664E-00017
                  22      0.237920726588427E-00017
                  23      0.238076521760931E-00017
                  24      0.238174511079012E-00017
                  25      0.238213204190591E-00017
                  26      0.238213244092497E-00017
                  27      0.238174548115744E-00017
                  28      0.238076665257624E-00017
                  29      0.237920998108363E-00017
                  30      0.237709845720708E-00017
                  31      0.237446294660129E-00017
                  32      0.237134195619391E-00017
                  33      0.236778117522298E-00017
                  34      0.236383287343465E-00017
                  35      0.235955520453639E-00017
                  36      0.235501147908507E-00017
                  37      0.235026941705031E-00017
                  38      0.234540034773268E-00017
                  39      0.234047838318913E-00017
                  40      0.233557962058109E-00017
                  41      0.233078135518484E-00017
                  42      0.232616120638693E-00017
                  43      0.232179612768166E-00017
                  44      0.231776143049555E-00017
                  45      0.231412993481028E-00017
                  46      0.231097121634017E-00017
                  47      0.230835088353872E-00017
                  48      0.230632951107019E-00017
                  49      0.230495815515995E-00017
                  50      0.230429035500711E-00017
