                   1      0.230377550643986E-00017
                   2      0.230774783464057E-00017
                   3      0.231795367651025E-00017
                   4      0.233216736224799E-00017
                   5      0.234791356357828E-00017
                   6      0.236268699502898E-00017
                   7      0.237423502169632E-00017
                   8      0.238083238500027E-00017
                   9      0.238162591332138E-00017
                  10      0.237658132519650E-00017
                  11      0.236625429092257E-00017
                  12      0.235218792350931E-00017
                  13      0.233652309887210E-00017
                  14      0.232173359860926E-00017
                  15      0.231032939446332E-00017
                  16      0.230460114911707E-00017
                  17      0.230761173171833E-00017
                  18      0.231783555423670E-00017
                  19      0.233281020305453E-00017
                  20      0.235278589485733E-00017
                  21      0.237643397963568E-00017
                  22      0.240181975092749E-00017
                  23      0.242688874253080E-00017
                  24      0.244966428843034E-00017
                  25      0.246841682309240E-00017
                  26      0.248177003730834E-00017
                  27      0.248815996002628E-00017
                  28      0.247368041228716E-00017
                  29      0.243831210606767E-00017
                  30      0.240030365278576E-00017
                  31      0.236544458077903E-00017
                  32      0.233710846684048E-00017
                  33      0.231710809451604E-00017
                  34      0.230609919770180E-00017
                  35      0.230388773650159E-00017
                  36      0.230957272618626E-00017
                  37      0.232092956657869E-00017
                  38      0.233569121939956E-00017
                  39      0.235135348274345E-00017
                  40      0.236544132132445E-00017
                  41      0.237581176872402E-00017
                  42      0.238092292309823E-00017
                  43      0.238021636994203E-00017
                  44      0.237374659512921E-00017
                  45      0.236236110754916E-00017
                  46      0.234774779924958E-00017
                  47      0.233210983957343E-00017
                  48      0.231792540496185E-00017
                  49      0.230770654833547E-00017
                  50      0.230377550644291E-00017
