                   1      0.230429035546491E-00017
                   2      0.231882006164043E-00017
                   3      0.232881450085375E-00017
                   4      0.233962960470273E-00017
                   5      0.235041917955964E-00017
                   6      0.236047379648737E-00017
                   7      0.236911758443072E-00017
                   8      0.237578459332499E-00017
                   9      0.238005495155632E-00017
                  10      0.238174125161640E-00017
                  11      0.238181549875008E-00017
                  12      0.238181551692218E-00017
                  13      0.238181507815899E-00017
                  14      0.238181424449400E-00017
                  15      0.238111997211804E-00017
                  16      0.237799923313976E-00017
                  17      0.237235528779921E-00017
                  18      0.236451323403508E-00017
                  19      0.235496936962558E-00017
                  20      0.234406634758398E-00017
                  21      0.233177813859349E-00017
                  22      0.231383777084503E-00017
                  23      0.232110359762553E-00017
                  24      0.233618029866433E-00017
                  25      0.235324766850645E-00017
                  26      0.237224984790979E-00017
                  27      0.239272952923784E-00017
                  28      0.241378927124687E-00017
                  29      0.243462950964626E-00017
                  30      0.245449094296543E-00017
                  31      0.247269757047490E-00017
                  32      0.248870295699476E-00017
                  33      0.250212684480637E-00017
                  34      0.251277825028307E-00017
                  35      0.252064986779975E-00017
                  36      0.252585572088279E-00017
                  37      0.252831170493439E-00017
                  38      0.252802692523805E-00017
                  39      0.252814122512400E-00017
                  40      0.252237850925309E-00017
                  41      0.250620358039102E-00017
                  42      0.248459416949409E-00017
                  43      0.245903762706817E-00017
                  44      0.243183230459165E-00017
                  45      0.240495252218073E-00017
                  46      0.237979255183731E-00017
                  47      0.235729291166702E-00017
                  48      0.233803419684299E-00017
                  49      0.232251371076161E-00017
                  50      0.230377550626444E-00017
