                   1      0.230429035511311E-00017
                   2      0.230477069324030E-00017
                   3      0.230598251498823E-00017
                   4      0.230785968535388E-00017
                   5      0.231034789640581E-00017
                   6      0.231338632520313E-00017
                   7      0.231690981705730E-00017
                   8      0.232084940962485E-00017
                   9      0.232513284678522E-00017
                  10      0.232968533748781E-00017
                  11      0.233443041937780E-00017
                  12      0.233929083763934E-00017
                  13      0.234418943664586E-00017
                  14      0.234905002779034E-00017
                  15      0.235379820882574E-00017
                  16      0.235836217466558E-00017
                  17      0.236267353576217E-00017
                  18      0.236666812350287E-00017
                  19      0.237028678371883E-00017
                  20      0.237347615402814E-00017
                  21      0.237618937077233E-00017
                  22      0.237838664644287E-00017
                  23      0.238003571991103E-00017
                  24      0.238111215692337E-00017
                  25      0.238159888965371E-00017
                  26      0.238158737816216E-00017
                  27      0.238106799019956E-00017
                  28      0.237995939637897E-00017
                  29      0.237827856211790E-00017
                  30      0.237605004758848E-00017
                  31      0.237330627771624E-00017
                  32      0.237008719004887E-00017
                  33      0.236643973319316E-00017
                  34      0.236241728354998E-00017
                  35      0.235807899634916E-00017
                  36      0.235348909578704E-00017
                  37      0.234871609288243E-00017
                  38      0.234383194585083E-00017
                  39      0.233891121124292E-00017
                  40      0.233403020290139E-00017
                  41      0.232926613910220E-00017
                  42      0.232469627944768E-00017
                  43      0.232039706947245E-00017
                  44      0.231644329082458E-00017
                  45      0.231290723434002E-00017
                  46      0.230985797652376E-00017
                  47      0.230736082298985E-00017
                  48      0.230547666130419E-00017
                  49      0.230425975548862E-00017
                  50      0.230377550685326E-00017
