                   1      0.230356562093122E-00017
                   2      0.231655790240639E-00017
                   3      0.232555901133678E-00017
                   4      0.233552400633672E-00017
                   5      0.234579207070730E-00017
                   6      0.235562201093033E-00017
                   7      0.236430162189189E-00017
                   8      0.237154490593650E-00017
                   9      0.237697743465409E-00017
                  10      0.238028264350693E-00017
                  11      0.238142430870067E-00017
                  12      0.238154226365458E-00017
                  13      0.238154188343097E-00017
                  14      0.238144804048560E-00017
                  15      0.238225438306002E-00017
                  16      0.238738356622520E-00017
                  17      0.240211992481622E-00017
                  18      0.242294379288153E-00017
                  19      0.244625135100501E-00017
                  20      0.247108139893801E-00017
                  21      0.249624772796828E-00017
                  22      0.252073963435366E-00017
                  23      0.254389509529288E-00017
                  24      0.256495327169499E-00017
                  25      0.258318352073507E-00017
                  26      0.259795452271579E-00017
                  27      0.260876731186279E-00017
                  28      0.261527265362139E-00017
                  29      0.261735079384176E-00017
                  30      0.261738494686546E-00017
                  31      0.261738482425297E-00017
                  32      0.261738095257530E-00017
                  33      0.261737985293250E-00017
                  34      0.261629285693421E-00017
                  35      0.261085538893193E-00017
                  36      0.260080484072045E-00017
                  37      0.258649599955443E-00017
                  38      0.256841374874276E-00017
                  39      0.254715809027675E-00017
                  40      0.252342751794518E-00017
                  41      0.249798908218275E-00017
                  42      0.247164188408649E-00017
                  43      0.244518195385683E-00017
                  44      0.241937042388799E-00017
                  45      0.239489692189926E-00017
                  46      0.237214683388206E-00017
                  47      0.235188826142822E-00017
                  48      0.233467612238057E-00017
                  49      0.232086342279699E-00017
                  50      0.230424576345715E-00017
