                   1      0.230429035500246E-00017
                   2      0.231551315068161E-00017
                   3      0.232510452763330E-00017
                   4      0.233594217889021E-00017
                   5      0.234715858788247E-00017
                   6      0.235789903179749E-00017
                   7      0.236734806061084E-00017
                   8      0.237479320431007E-00017
                   9      0.237968034354872E-00017
                  10      0.238170102856810E-00017
                  11      0.238181446775765E-00017
                  12      0.238181446242200E-00017
                  13      0.238181320870404E-00017
                  14      0.238099802258822E-00017
                  15      0.237745864712341E-00017
                  16      0.237117153809796E-00017
                  17      0.236258238956966E-00017
                  18      0.235232973814611E-00017
                  19      0.234117934892706E-00017
                  20      0.232996530950851E-00017
                  21      0.231956614067194E-00017
                  22      0.230967643069089E-00017
                  23      0.230969636289431E-00017
                  24      0.231742529807352E-00017
                  25      0.231809872392561E-00017
                  26      0.232443629316426E-00017
                  27      0.233377987150385E-00017
                  28      0.234528319714976E-00017
                  29      0.235837889951201E-00017
                  30      0.237247774139600E-00017
                  31      0.238697719979116E-00017
                  32      0.240129438773839E-00017
                  33      0.241489935802522E-00017
                  34      0.242734284478061E-00017
                  35      0.243827455327218E-00017
                  36      0.244744921724524E-00017
                  37      0.245471995344470E-00017
                  38      0.246002185424793E-00017
                  39      0.246335351070892E-00017
                  40      0.246473849698310E-00017
                  41      0.246205974348268E-00017
                  42      0.246169089327003E-00017
                  43      0.244552194100769E-00017
                  44      0.242220905122477E-00017
                  45      0.239678188768654E-00017
                  46      0.237217901854738E-00017
                  47      0.235027284285908E-00017
                  48      0.233207038337631E-00017
                  49      0.231805155521589E-00017
                  50      0.230424576391862E-00017
