                   1      0.230356562139622E-00017
                   2      0.231850441059244E-00017
                   3      0.232851028403498E-00017
                   4      0.233932761266648E-00017
                   5      0.235010241972282E-00017
                   6      0.236000263316084E-00017
                   7      0.236844563359282E-00017
                   8      0.237488913973494E-00017
                   9      0.237899886650035E-00017
                  10      0.238089271330368E-00017
                  11      0.238141338969900E-00017
                  12      0.238149774913956E-00017
                  13      0.238149771205107E-00017
                  14      0.238139611779634E-00017
                  15      0.238076375932825E-00017
                  16      0.237861755603831E-00017
                  17      0.237420842052089E-00017
                  18      0.236744512006490E-00017
                  19      0.235852802301937E-00017
                  20      0.234745602080438E-00017
                  21      0.233458963749621E-00017
                  22      0.232019437264907E-00017
                  23      0.231467435303861E-00017
                  24      0.232892368150572E-00017
                  25      0.234299223044734E-00017
                  26      0.235883118128460E-00017
                  27      0.237611691049361E-00017
                  28      0.239438758699265E-00017
                  29      0.241284067810215E-00017
                  30      0.243075589179870E-00017
                  31      0.244753441154006E-00017
                  32      0.246268838458214E-00017
                  33      0.247585334003684E-00017
                  34      0.248680642555837E-00017
                  35      0.249546747263760E-00017
                  36      0.250187717479054E-00017
                  37      0.250616086193672E-00017
                  38      0.250798926023597E-00017
                  39      0.250798944729366E-00017
                  40      0.250170712869255E-00017
                  41      0.249116864542650E-00017
                  42      0.247541982224924E-00017
                  43      0.245475296034007E-00017
                  44      0.243083714848696E-00017
                  45      0.240576606928206E-00017
                  46      0.238136114045528E-00017
                  47      0.235886821436849E-00017
                  48      0.233933229739905E-00017
                  49      0.232343070008510E-00017
                  50      0.230377550653282E-00017
