                   1      0.230356562132366E-00017
                   2      0.230402140804125E-00017
                   3      0.230521062584574E-00017
                   4      0.230707006398067E-00017
                   5      0.230954504358615E-00017
                   6      0.231257472005191E-00017
                   7      0.231609386409210E-00017
                   8      0.232003343535030E-00017
                   9      0.232432115454924E-00017
                  10      0.232888222582655E-00017
                  11      0.233364018089543E-00017
                  12      0.233851781083611E-00017
                  13      0.234343808040468E-00017
                  14      0.234832491761946E-00017
                  15      0.235310390319199E-00017
                  16      0.235770300596243E-00017
                  17      0.236205345615965E-00017
                  18      0.236609068444737E-00017
                  19      0.236975520559585E-00017
                  20      0.237299338647765E-00017
                  21      0.237575807269988E-00017
                  22      0.237800911212617E-00017
                  23      0.237971384652617E-00017
                  24      0.238084748530371E-00017
                  25      0.238139271685896E-00017
                  26      0.238140758104327E-00017
                  27      0.238090156140073E-00017
                  28      0.237980725862055E-00017
                  29      0.237814151455044E-00017
                  30      0.237592896253666E-00017
                  31      0.237320213536680E-00017
                  32      0.237000109669881E-00017
                  33      0.236637293320645E-00017
                  34      0.236237116445368E-00017
                  35      0.235805507388781E-00017
                  36      0.235348896234879E-00017
                  37      0.234874134844557E-00017
                  38      0.234388414973666E-00017
                  39      0.233899185878538E-00017
                  40      0.233414070589511E-00017
                  41      0.232940781187749E-00017
                  42      0.232487035457275E-00017
                  43      0.232060474167483E-00017
                  44      0.231668573984008E-00017
                  45      0.231318557535204E-00017
                  46      0.231017316113277E-00017
                  47      0.230771359202637E-00017
                  48      0.230586766308281E-00017
                  49      0.230469012670564E-00017
                  50      0.230424576365268E-00017
