                   1      0.230377550635657E-00017
                   2      0.232780455061835E-00017
                   3      0.233929439046534E-00017
                   4      0.235060922604413E-00017
                   5      0.236094211206685E-00017
                   6      0.236965118033132E-00017
                   7      0.237617723205077E-00017
                   8      0.238018515361379E-00017
                   9      0.238177685224364E-00017
                  10      0.238201252450856E-00017
                  11      0.238216155505818E-00017
                  12      0.238216428475563E-00017
                  13      0.238216377478592E-00017
                  14      0.238207530599083E-00017
                  15      0.238179738190437E-00017
                  16      0.238025023795438E-00017
                  17      0.237630738530255E-00017
                  18      0.236984746352069E-00017
                  19      0.236117282780285E-00017
                  20      0.235074752585574E-00017
                  21      0.233897937228041E-00017
                  22      0.232494107150045E-00017
                  23      0.230580460535402E-00017
                  24      0.231986320757274E-00017
                  25      0.232783837778700E-00017
                  26      0.233954664814082E-00017
                  27      0.235435400348591E-00017
                  28      0.237062912188327E-00017
                  29      0.238749225222913E-00017
                  30      0.240425755577477E-00017
                  31      0.242031895989504E-00017
                  32      0.243516278779236E-00017
                  33      0.244839495158482E-00017
                  34      0.245975841603754E-00017
                  35      0.246913393533932E-00017
                  36      0.247652246328115E-00017
                  37      0.248201901726529E-00017
                  38      0.248579958925380E-00017
                  39      0.248728230034922E-00017
                  40      0.248714903055087E-00017
                  41      0.248573352850704E-00017
                  42      0.248133594269953E-00017
                  43      0.247066617090584E-00017
                  44      0.245326127262995E-00017
                  45      0.243093928409232E-00017
                  46      0.240619896216384E-00017
                  47      0.238131650057365E-00017
                  48      0.235795290908912E-00017
                  49      0.233733279429460E-00017
                  50      0.230356562150737E-00017
