                   1      0.230377550623577E-00017
                   2      0.231325453226290E-00017
                   3      0.232232289448701E-00017
                   4      0.233287039033795E-00017
                   5      0.234407437252059E-00017
                   6      0.235504161043977E-00017
                   7      0.236490730343014E-00017
                   8      0.237290581045606E-00017
                   9      0.237842606753974E-00017
                  10      0.238106299023948E-00017
                  11      0.238129870872922E-00017
                  12      0.238129985668859E-00017
                  13      0.238128921548151E-00017
                  14      0.237974309790245E-00017
                  15      0.237525709712707E-00017
                  16      0.236812169202036E-00017
                  17      0.235887345173867E-00017
                  18      0.234821903612274E-00017
                  19      0.233698672958258E-00017
                  20      0.232606211454261E-00017
                  21      0.231630714845389E-00017
                  22      0.230783520223744E-00017
                  23      0.230962797929587E-00017
                  24      0.231035003639711E-00017
                  25      0.231627371569882E-00017
                  26      0.232580537625999E-00017
                  27      0.233819224008883E-00017
                  28      0.235288717439841E-00017
                  29      0.236924410466178E-00017
                  30      0.238655442259819E-00017
                  31      0.240409141099741E-00017
                  32      0.242115265443285E-00017
                  33      0.243710036211382E-00017
                  34      0.245139707490739E-00017
                  35      0.246363245712512E-00017
                  36      0.247353595903756E-00017
                  37      0.248097061010301E-00017
                  38      0.248590471576932E-00017
                  39      0.248834609127615E-00017
                  40      0.248812515310705E-00017
                  41      0.248576136936690E-00017
                  42      0.246996836459588E-00017
                  43      0.244628220221392E-00017
                  44      0.241887276728853E-00017
                  45      0.239172585222275E-00017
                  46      0.236698257711379E-00017
                  47      0.234571272491913E-00017
                  48      0.232851635522843E-00017
                  49      0.231565735570531E-00017
                  50      0.230424576357328E-00017
