                   1      0.230429035508171E-00017
                   2      0.230497247433341E-00017
                   3      0.230635546003133E-00017
                   4      0.230838708100152E-00017
                   5      0.231101648055529E-00017
                   6      0.231418301811721E-00017
                   7      0.231782100550179E-00017
                   8      0.232186084475698E-00017
                   9      0.232622974420074E-00017
                  10      0.233085246840711E-00017
                  11      0.233565218046416E-00017
                  12      0.234055135995663E-00017
                  13      0.234547275822776E-00017
                  14      0.235034031901998E-00017
                  15      0.235507999629793E-00017
                  16      0.235962050105103E-00017
                  17      0.236389407545310E-00017
                  18      0.236783732894207E-00017
                  19      0.237139208923614E-00017
                  20      0.237450619026631E-00017
                  21      0.237713413428407E-00017
                  22      0.237923761890733E-00017
                  23      0.238078593365382E-00017
                  24      0.238175612593758E-00017
                  25      0.238213376604246E-00017
                  26      0.238213240919022E-00017
                  27      0.238175257915248E-00017
                  28      0.238078059779164E-00017
                  29      0.237923047360598E-00017
                  30      0.237712505837200E-00017
                  31      0.237449510169971E-00017
                  32      0.237137901518344E-00017
                  33      0.236782239382616E-00017
                  34      0.236387743073221E-00017
                  35      0.235960223359175E-00017
                  36      0.235506007860079E-00017
                  37      0.235031865287497E-00017
                  38      0.234544927574310E-00017
                  39      0.234052608430928E-00017
                  40      0.233562516865335E-00017
                  41      0.233082372233985E-00017
                  42      0.232619917022816E-00017
                  43      0.232182828444450E-00017
                  44      0.231778631176364E-00017
                  45      0.231414613405194E-00017
                  46      0.231097746671246E-00017
                  47      0.230834607446606E-00017
                  48      0.230631258259524E-00017
                  49      0.230492740885071E-00017
                  50      0.230424576366627E-00017
