                   1      0.230356562130171E-00017
                   2      0.230785243922359E-00017
                   3      0.231829992391771E-00017
                   4      0.233264313028138E-00017
                   5      0.234837547186711E-00017
                   6      0.236298003027844E-00017
                   7      0.237421397244201E-00017
                   8      0.238038036257837E-00017
                   9      0.238096089818498E-00017
                  10      0.237608129577842E-00017
                  11      0.236586570348946E-00017
                  12      0.235185142621489E-00017
                  13      0.233618369190697E-00017
                  14      0.232134498748283E-00017
                  15      0.230986586982444E-00017
                  16      0.230408936428815E-00017
                  17      0.230723062129575E-00017
                  18      0.231748827313055E-00017
                  19      0.232979504407120E-00017
                  20      0.234472063777696E-00017
                  21      0.236286887879801E-00017
                  22      0.238294977514476E-00017
                  23      0.240329780735472E-00017
                  24      0.242228118687387E-00017
                  25      0.243846420790179E-00017
                  26      0.245073224257776E-00017
                  27      0.245834629541435E-00017
                  28      0.246018803141584E-00017
                  29      0.243869647776888E-00017
                  30      0.240384507373505E-00017
                  31      0.236906979371965E-00017
                  32      0.234007523566204E-00017
                  33      0.231922463720651E-00017
                  34      0.230733216225981E-00017
                  35      0.230450764416809E-00017
                  36      0.231029174580026E-00017
                  37      0.232173440662069E-00017
                  38      0.233652757591064E-00017
                  39      0.235214590550360E-00017
                  40      0.236610975672457E-00017
                  41      0.237627583711506E-00017
                  42      0.238111675287003E-00017
                  43      0.238049887975646E-00017
                  44      0.237431078680031E-00017
                  45      0.236309310820210E-00017
                  46      0.234852010532224E-00017
                  47      0.233279288835946E-00017
                  48      0.231839655968252E-00017
                  49      0.230786601025035E-00017
                  50      0.230356562149744E-00017
