                   1      0.230424576387124E-00017
                   2      0.231883180821069E-00017
                   3      0.232889465633591E-00017
                   4      0.233975285285450E-00017
                   5      0.235056207981595E-00017
                   6      0.236060662682704E-00017
                   7      0.236920866226867E-00017
                   8      0.237580578807300E-00017
                   9      0.237998226279002E-00017
                  10      0.238144566631235E-00017
                  11      0.238145144338158E-00017
                  12      0.238145144675340E-00017
                  13      0.238145153084980E-00017
                  14      0.238145128153227E-00017
                  15      0.238075607816317E-00017
                  16      0.237740772390980E-00017
                  17      0.237153917674520E-00017
                  18      0.236350448324304E-00017
                  19      0.235379128003749E-00017
                  20      0.234275182315320E-00017
                  21      0.233063197270710E-00017
                  22      0.231546621582086E-00017
                  23      0.231114773972288E-00017
                  24      0.232426034188986E-00017
                  25      0.233716805621884E-00017
                  26      0.235253690777156E-00017
                  27      0.237001122620188E-00017
                  28      0.238858330569715E-00017
                  29      0.240749056719324E-00017
                  30      0.242601558890995E-00017
                  31      0.244350152523934E-00017
                  32      0.245938963472054E-00017
                  33      0.247325141432348E-00017
                  34      0.248481041500305E-00017
                  35      0.249394496693697E-00017
                  36      0.250066703020280E-00017
                  37      0.250507760356975E-00017
                  38      0.250707777947517E-00017
                  39      0.250526303749162E-00017
                  40      0.250504568434994E-00017
                  41      0.249705301342840E-00017
                  42      0.248035737245832E-00017
                  43      0.245780777893511E-00017
                  44      0.243201494832327E-00017
                  45      0.240556274868364E-00017
                  46      0.238039538791480E-00017
                  47      0.235775705694105E-00017
                  48      0.233835224513362E-00017
                  49      0.232269815209496E-00017
                  50      0.230377550619920E-00017
