                   1      0.230424576363341E-00017
                   2      0.230807473818067E-00017
                   3      0.231811742344281E-00017
                   4      0.233218743727309E-00017
                   5      0.234783401137318E-00017
                   6      0.236257464537624E-00017
                   7      0.237417066827303E-00017
                   8      0.238089661262727E-00017
                   9      0.238182061497314E-00017
                  10      0.237685664800811E-00017
                  11      0.236662899540404E-00017
                  12      0.235265217054437E-00017
                  13      0.233703948937188E-00017
                  14      0.232227281642426E-00017
                  15      0.231095447137665E-00017
                  16      0.230545916044008E-00017
                  17      0.231216989500245E-00017
                  18      0.232703054011396E-00017
                  19      0.234839174810368E-00017
                  20      0.237464124300658E-00017
                  21      0.240372141158476E-00017
                  22      0.243329141708377E-00017
                  23      0.246099759046550E-00017
                  24      0.248468479009929E-00017
                  25      0.250255458996832E-00017
                  26      0.251315741846011E-00017
                  27      0.250840147361635E-00017
                  28      0.247546128738570E-00017
                  29      0.243645007699651E-00017
                  30      0.239749840327740E-00017
                  31      0.236288274937360E-00017
                  32      0.233524762314379E-00017
                  33      0.231605593561772E-00017
                  34      0.230581015217793E-00017
                  35      0.230421719939395E-00017
                  36      0.231021955120138E-00017
                  37      0.232179519067105E-00017
                  38      0.233666210745778E-00017
                  39      0.235232840226615E-00017
                  40      0.236635421514276E-00017
                  41      0.237663152171204E-00017
                  42      0.238164668411052E-00017
                  43      0.238078121784026E-00017
                  44      0.237413206632687E-00017
                  45      0.236263097583377E-00017
                  46      0.234797824696647E-00017
                  47      0.233237035192358E-00017
                  48      0.231826090803380E-00017
                  49      0.230812689841461E-00017
                  50      0.230424576381198E-00017
