                   1      0.230429035500134E-00017
                   2      0.230495787240667E-00017
                   3      0.230632951820553E-00017
                   4      0.230834890632819E-00017
                   5      0.231096558365743E-00017
                   6      0.231411913405471E-00017
                   7      0.231774396219056E-00017
                   8      0.232177042118027E-00017
                   9      0.232612557186653E-00017
                  10      0.233073406350585E-00017
                  11      0.233551913391749E-00017
                  12      0.234040350753701E-00017
                  13      0.234531015086563E-00017
                  14      0.235016306769458E-00017
                  15      0.235488817945015E-00017
                  16      0.235941417244041E-00017
                  17      0.236367330935402E-00017
                  18      0.236760226982068E-00017
                  19      0.237114297115020E-00017
                  20      0.237424329841229E-00017
                  21      0.237685773696717E-00017
                  22      0.237894791474895E-00017
                  23      0.238048302427007E-00017
                  24      0.238143995059939E-00017
                  25      0.238180370919558E-00017
                  26      0.238179710145132E-00017
                  27      0.238138941579801E-00017
                  28      0.238039018633595E-00017
                  29      0.237881335845743E-00017
                  30      0.237668185754750E-00017
                  31      0.237402654557641E-00017
                  32      0.237088597633293E-00017
                  33      0.236730590740889E-00017
                  34      0.236333868316582E-00017
                  35      0.235904254063104E-00017
                  36      0.235448086450829E-00017
                  37      0.234972142006806E-00017
                  38      0.234483557230116E-00017
                  39      0.233989748048880E-00017
                  40      0.233498326511421E-00017
                  41      0.233017015711713E-00017
                  42      0.232553563738301E-00017
                  43      0.232115655740310E-00017
                  44      0.231710823370576E-00017
                  45      0.231346355632320E-00017
                  46      0.231029219219993E-00017
                  47      0.230765987914804E-00017
                  48      0.230562734314151E-00017
                  49      0.230424574667139E-00017
                  50      0.230356562182124E-00017
