                   1      0.230424576375743E-00017
                   2      0.230688951259178E-00017
                   3      0.231255814577786E-00017
                   4      0.232061259397323E-00017
                   5      0.233030776763349E-00017
                   6      0.234086645363971E-00017
                   7      0.235149319225905E-00017
                   8      0.236142031746092E-00017
                   9      0.236994710848477E-00017
                  10      0.237648016061802E-00017
                  11      0.238056968006939E-00017
                  12      0.238196882599527E-00017
                  13      0.238156100775609E-00017
                  14      0.237872977092743E-00017
                  15      0.237329771936817E-00017
                  16      0.236563273366726E-00017
                  17      0.235626212060513E-00017
                  18      0.234583974674295E-00017
                  19      0.233510950575319E-00017
                  20      0.232504598365414E-00017
                  21      0.231651509910439E-00017
                  22      0.231194617136896E-00017
                  23      0.231469445475117E-00017
                  24      0.232194546662127E-00017
                  25      0.233387492660133E-00017
                  26      0.234972072378736E-00017
                  27      0.236822947312038E-00017
                  28      0.238856547378311E-00017
                  29      0.240990938280367E-00017
                  30      0.243146281042073E-00017
                  31      0.245243336687133E-00017
                  32      0.247206198922252E-00017
                  33      0.248965834825110E-00017
                  34      0.250463362764918E-00017
                  35      0.251652748079380E-00017
                  36      0.252501948948767E-00017
                  37      0.252983821507478E-00017
                  38      0.252884228214228E-00017
                  39      0.251269840867829E-00017
                  40      0.248909557575613E-00017
                  41      0.246222475443792E-00017
                  42      0.243435844694161E-00017
                  43      0.240720580550232E-00017
                  44      0.238196568127727E-00017
                  45      0.235950248522958E-00017
                  46      0.234044828326398E-00017
                  47      0.232523970196893E-00017
                  48      0.231411981018078E-00017
                  49      0.230717161198269E-00017
                  50      0.230429035543935E-00017
