                   1      0.230429035530682E-00017
                   2      0.232076073313357E-00017
                   3      0.233130388837413E-00017
                   4      0.234251676792195E-00017
                   5      0.235347823484423E-00017
                   6      0.236322888728830E-00017
                   7      0.237128297279823E-00017
                   8      0.237714403370629E-00017
                   9      0.238051795915410E-00017
                  10      0.238157995508288E-00017
                  11      0.238164105665048E-00017
                  12      0.238164124534267E-00017
                  13      0.238164123695930E-00017
                  14      0.238162407289790E-00017
                  15      0.238100988766989E-00017
                  16      0.237832666484874E-00017
                  17      0.237312688652010E-00017
                  18      0.236559874924033E-00017
                  19      0.235612574645552E-00017
                  20      0.234511374822514E-00017
                  21      0.233254338673500E-00017
                  22      0.231922867124926E-00017
                  23      0.230555728287533E-00017
                  24      0.231704304652314E-00017
                  25      0.232665894779246E-00017
                  26      0.233741222522387E-00017
                  27      0.235114817722307E-00017
                  28      0.236671284887016E-00017
                  29      0.238319646098600E-00017
                  30      0.239985410357964E-00017
                  31      0.241605913072333E-00017
                  32      0.243126831830675E-00017
                  33      0.244503883459072E-00017
                  34      0.245704856924076E-00017
                  35      0.246710473757405E-00017
                  36      0.247513875767089E-00017
                  37      0.248119298105439E-00017
                  38      0.248543253161154E-00017
                  39      0.248764916335464E-00017
                  40      0.248764879832806E-00017
                  41      0.248186829712394E-00017
                  42      0.247154089442423E-00017
                  43      0.245568875560946E-00017
                  44      0.243497274482401E-00017
                  45      0.241133265073454E-00017
                  46      0.238698629000602E-00017
                  47      0.236363561037310E-00017
                  48      0.234281555690556E-00017
                  49      0.232557097291407E-00017
                  50      0.230356562100432E-00017
