                   1      0.230377550648897E-00017
                   2      0.230443207008679E-00017
                   3      0.230579716061775E-00017
                   4      0.230781151275593E-00017
                   5      0.231042488623662E-00017
                   6      0.231357702407324E-00017
                   7      0.231720238801127E-00017
                   8      0.232123118917300E-00017
                   9      0.232559033105890E-00017
                  10      0.233020453054340E-00017
                  11      0.233499725780002E-00017
                  12      0.233989143449869E-00017
                  13      0.234481013564284E-00017
                  14      0.234967741051225E-00017
                  15      0.235441917662858E-00017
                  16      0.235896411307103E-00017
                  17      0.236324450317290E-00017
                  18      0.236719703488754E-00017
                  19      0.237076357237005E-00017
                  20      0.237389187317046E-00017
                  21      0.237653624179500E-00017
                  22      0.237865812988766E-00017
                  23      0.238022662920112E-00017
                  24      0.238121868189241E-00017
                  25      0.238161912517490E-00017
                  26      0.238162379958126E-00017
                  27      0.238125423365778E-00017
                  28      0.238029448633539E-00017
                  29      0.237875809373732E-00017
                  30      0.237666789904044E-00017
                  31      0.237405465658205E-00017
                  32      0.237095674728760E-00017
                  33      0.236741968212151E-00017
                  34      0.236349552880438E-00017
                  35      0.235924228577598E-00017
                  36      0.235472317454797E-00017
                  37      0.235000584872306E-00017
                  38      0.234516155811686E-00017
                  39      0.234026430800517E-00017
                  40      0.233539001974465E-00017
                  41      0.233061569142900E-00017
                  42      0.232601856933682E-00017
                  43      0.232167532053502E-00017
                  44      0.231766116291887E-00017
                  45      0.231404894555874E-00017
                  46      0.231090825279868E-00017
                  47      0.230830460522551E-00017
                  48      0.230629839577468E-00017
                  49      0.230494019086855E-00017
                  50      0.230429035532256E-00017
