                   1      0.230377550603421E-00017
                   2      0.230910484309940E-00017
                   3      0.231569925703699E-00017
                   4      0.232397143301002E-00017
                   5      0.233333463776007E-00017
                   6      0.234316081187538E-00017
                   7      0.235282527126450E-00017
                   8      0.236173709576693E-00017
                   9      0.236936214702694E-00017
                  10      0.237524491070992E-00017
                  11      0.237906478594454E-00017
                  12      0.238088607191986E-00017
                  13      0.238147422206003E-00017
                  14      0.238145570758011E-00017
                  15      0.238057085316493E-00017
                  16      0.238188795297047E-00017
                  17      0.239003142013960E-00017
                  18      0.240399678777771E-00017
                  19      0.242250025582850E-00017
                  20      0.244438510548430E-00017
                  21      0.246832800492873E-00017
                  22      0.249308971244819E-00017
                  23      0.251761819474481E-00017
                  24      0.254099178717624E-00017
                  25      0.256237813411375E-00017
                  26      0.258103312755949E-00017
                  27      0.259631765714304E-00017
                  28      0.260771494651797E-00017
                  29      0.261483436164273E-00017
                  30      0.261730858987734E-00017
                  31      0.261731131004730E-00017
                  32      0.261728623694522E-00017
                  33      0.261484064481530E-00017
                  34      0.260769377922749E-00017
                  35      0.259607346453676E-00017
                  36      0.258038137603770E-00017
                  37      0.256114405121595E-00017
                  38      0.253899728921621E-00017
                  39      0.251466220049090E-00017
                  40      0.248891501665432E-00017
                  41      0.246255389920218E-00017
                  42      0.243636651260347E-00017
                  43      0.241110067197216E-00017
                  44      0.238743950096960E-00017
                  45      0.236598222837136E-00017
                  46      0.234723061742167E-00017
                  47      0.233157911502871E-00017
                  48      0.231930513636611E-00017
                  49      0.231054608907768E-00017
                  50      0.230429035492050E-00017
