                   1      0.230356562140678E-00017
                   2      0.230424495752585E-00017
                   3      0.230562579390312E-00017
                   4      0.230765747455529E-00017
                   5      0.231028897924417E-00017
                   6      0.231345965824794E-00017
                   7      0.231710376035178E-00017
                   8      0.232115154575066E-00017
                   9      0.232553007733595E-00017
                  10      0.233016406559906E-00017
                  11      0.233497673080650E-00017
                  12      0.233989064732961E-00017
                  13      0.234482860698637E-00017
                  14      0.234971450681621E-00017
                  15      0.235447419469818E-00017
                  16      0.235903627600622E-00017
                  17      0.236333294275453E-00017
                  18      0.236730079211337E-00017
                  19      0.237088159490144E-00017
                  20      0.237402302597659E-00017
                  21      0.237667933083682E-00017
                  22      0.237881189933926E-00017
                  23      0.238038972970128E-00017
                  24      0.238138966268939E-00017
                  25      0.238179674272844E-00017
                  26      0.238180266557066E-00017
                  27      0.238143638903483E-00017
                  28      0.238047837797891E-00017
                  29      0.237894226843045E-00017
                  30      0.237685100900840E-00017
                  31      0.237423535762208E-00017
                  32      0.237113371319710E-00017
                  33      0.236759171457850E-00017
                  34      0.236366164874041E-00017
                  35      0.235940171956607E-00017
                  36      0.235487527648919E-00017
                  37      0.235015002389697E-00017
                  38      0.234529720473244E-00017
                  39      0.234039079424493E-00017
                  40      0.233550670874522E-00017
                  41      0.233072199803713E-00017
                  42      0.232611400557779E-00017
                  43      0.232175948696357E-00017
                  44      0.231773369595181E-00017
                  45      0.231410950135667E-00017
                  46      0.231095660827536E-00017
                  47      0.230834083946766E-00017
                  48      0.230632297762875E-00017
                  49      0.230495400785147E-00017
                  50      0.230429035543161E-00017
