                   1      0.230429035506020E-00017
                   2      0.230797091207148E-00017
                   3      0.231766818402750E-00017
                   4      0.233133411253233E-00017
                   5      0.234664734758364E-00017
                   6      0.236124068471840E-00017
                   7      0.237295779328042E-00017
                   8      0.238010172277024E-00017
                   9      0.238167843709018E-00017
                  10      0.237754192245428E-00017
                  11      0.236815427004755E-00017
                  12      0.235487628323581E-00017
                  13      0.234014713302344E-00017
                  14      0.232904433408631E-00017
                  15      0.233925406992015E-00017
                  16      0.236279325279716E-00017
                  17      0.239478401646333E-00017
                  18      0.243180517296850E-00017
                  19      0.247081470639549E-00017
                  20      0.250871079509086E-00017
                  21      0.254248108145953E-00017
                  22      0.256943612949400E-00017
                  23      0.258731011023336E-00017
                  24      0.259321871748378E-00017
                  25      0.257494029855832E-00017
                  26      0.254372686461709E-00017
                  27      0.250548912293752E-00017
                  28      0.246423242468859E-00017
                  29      0.242326139721506E-00017
                  30      0.238549016179797E-00017
                  31      0.235333999935646E-00017
                  32      0.232858694133865E-00017
                  33      0.231225176677343E-00017
                  34      0.230454889301887E-00017
                  35      0.230502451312984E-00017
                  36      0.231235403578940E-00017
                  37      0.232459677154566E-00017
                  38      0.233952477370324E-00017
                  39      0.235475786326569E-00017
                  40      0.236801686679879E-00017
                  41      0.237737768366098E-00017
                  42      0.238150131539983E-00017
                  43      0.237992724792869E-00017
                  44      0.237280331663666E-00017
                  45      0.236113210278749E-00017
                  46      0.234661208560689E-00017
                  47      0.233136620333721E-00017
                  48      0.231771311706545E-00017
                  49      0.230797554220916E-00017
                  50      0.230429035531290E-00017
