                   1      0.640936897773428E-00017
                   2      0.641060970802603E-00017
                   3      0.641418606273289E-00017
                   4      0.641992504599246E-00017
                   5      0.642765407500975E-00017
                   6      0.643718314574964E-00017
                   7      0.644830846472595E-00017
                   8      0.646081585789734E-00017
                   9      0.647448272834491E-00017
                  10      0.648907848594869E-00017
                  11      0.650436534330058E-00017
                  12      0.652010019859871E-00017
                  13      0.653603710978297E-00017
                  14      0.655192995697767E-00017
                  15      0.656753520889456E-00017
                  16      0.658261476560500E-00017
                  17      0.659693875186808E-00017
                  18      0.661028839879445E-00017
                  19      0.662245895421171E-00017
                  20      0.663326266251781E-00017
                  21      0.664253178820803E-00017
                  22      0.665012158862765E-00017
                  23      0.665591301837740E-00017
                  24      0.665981484710286E-00017
                  25      0.666176456695720E-00017
                  26      0.666180625438840E-00017
                  27      0.665995133347686E-00017
                  28      0.665614451445599E-00017
                  29      0.665044633582143E-00017
                  30      0.664294678407103E-00017
                  31      0.663376387612562E-00017
                  32      0.662304144796548E-00017
                  33      0.661094649697841E-00017
                  34      0.659766629884637E-00017
                  35      0.658340535453737E-00017
                  36      0.656838235252930E-00017
                  37      0.655282713477159E-00017
                  38      0.653697774016691E-00017
                  39      0.652107755808166E-00017
                  40      0.650537260243355E-00017
                  41      0.649010889211607E-00017
                  42      0.647552990455478E-00017
                  43      0.646187412994357E-00017
                  44      0.644937308337425E-00017
                  45      0.643825022349573E-00017
                  46      0.642872017473837E-00017
                  47      0.642098664955539E-00017
                  48      0.641523914002971E-00017
                  49      0.641164951295667E-00017
                  50      0.641039016169324E-00017
