                   1      0.521555613399208E-00018
                   2      0.521822665644372E-00018
                   3      0.522586188734512E-00018
                   4      0.523762419073142E-00018
                   5      0.525256460261918E-00018
                   6      0.526964920798797E-00018
                   7      0.528779025802879E-00018
                   8      0.530590668864857E-00018
                   9      0.532296596955784E-00018
                  10      0.533802424041851E-00018
                  11      0.535026581528827E-00018
                  12      0.535903668269167E-00018
                  13      0.536392353587578E-00018
                  14      0.537055581280458E-00018
                  15      0.536645578146429E-00018
                  16      0.537308870728828E-00018
                  17      0.538764054856196E-00018
                  18      0.541256075459096E-00018
                  19      0.544532989696291E-00018
                  20      0.548322699819923E-00018
                  21      0.552475580419621E-00018
                  22      0.556838883208911E-00018
                  23      0.561253074886012E-00018
                  24      0.565557265134484E-00018
                  25      0.569594941948322E-00018
                  26      0.573219584976403E-00018
                  27      0.576299951588621E-00018
                  28      0.578724980495341E-00018
                  29      0.580409667755848E-00018
                  30      0.581304892512714E-00018
                  31      0.581296564705283E-00018
                  32      0.580305656098233E-00018
                  33      0.578515375531407E-00018
                  34      0.575966140249530E-00018
                  35      0.572735685751478E-00018
                  36      0.568922404373440E-00018
                  37      0.564641191297261E-00018
                  38      0.560019352164110E-00018
                  39      0.555192049602393E-00018
                  40      0.550297559261461E-00018
                  41      0.545472384140555E-00018
                  42      0.540846525071420E-00018
                  43      0.536539240454236E-00018
                  44      0.532655201493304E-00018
                  45      0.529281283267315E-00018
                  46      0.526484152433294E-00018
                  47      0.524307215574039E-00018
                  48      0.522769338086245E-00018
                  49      0.521867129129368E-00018
                  50      0.521576084180089E-00018
