                   1      0.521576084099017E-00018
                   2      0.526060454288182E-00018
                   3      0.528269985701374E-00018
                   4      0.530425649255079E-00018
                   5      0.532404929263853E-00018
                   6      0.534089912685340E-00018
                   7      0.535373686157183E-00018
                   8      0.536177967042431E-00018
                   9      0.536469857836347E-00018
                  10      0.536475084561106E-00018
                  11      0.536475087643141E-00018
                  12      0.536475059357123E-00018
                  13      0.536474274671338E-00018
                  14      0.536474217714829E-00018
                  15      0.536473081976411E-00018
                  16      0.536225320876310E-00018
                  17      0.535465663711045E-00018
                  18      0.534220733831228E-00018
                  19      0.532566961707914E-00018
                  20      0.530612249482444E-00018
                  21      0.528477886204003E-00018
                  22      0.523179609033978E-00018
                  23      0.526749012229076E-00018
                  24      0.530274835425007E-00018
                  25      0.534214707912692E-00018
                  26      0.538505273966406E-00018
                  27      0.542974770716221E-00018
                  28      0.547441785448513E-00018
                  29      0.551728084754199E-00018
                  30      0.555672724599033E-00018
                  31      0.559143738362947E-00018
                  32      0.562047804809519E-00018
                  33      0.564338848843261E-00018
                  34      0.566023368074414E-00018
                  35      0.567158847054393E-00018
                  36      0.567843191774369E-00018
                  37      0.568059296283495E-00018
                  38      0.567974409039314E-00018
                  39      0.567802951523595E-00018
                  40      0.567126263854175E-00018
                  41      0.565189929686361E-00018
                  42      0.561791230052019E-00018
                  43      0.557231146671077E-00018
                  44      0.552000561066020E-00018
                  45      0.546546735270968E-00018
                  46      0.541203456778682E-00018
                  47      0.536204246561177E-00018
                  48      0.531697336214493E-00018
                  49      0.527766715178588E-00018
                  50      0.521505270414087E-00018
