                   1      0.521576084111168E-00018
                   2      0.521705153538411E-00018
                   3      0.521973162812645E-00018
                   4      0.522366929988114E-00018
                   5      0.522876797020835E-00018
                   6      0.523490842525346E-00018
                   7      0.524196020889681E-00018
                   8      0.524978489454501E-00018
                   9      0.525823822615838E-00018
                  10      0.526717216908656E-00018
                  11      0.527643688720969E-00018
                  12      0.528588230685413E-00018
                  13      0.529535942440172E-00018
                  14      0.530472187602230E-00018
                  15      0.531382761301456E-00018
                  16      0.532254031170243E-00018
                  17      0.533073086718993E-00018
                  18      0.533827953526238E-00018
                  19      0.534507791305634E-00018
                  20      0.535102939439964E-00018
                  21      0.535604941336921E-00018
                  22      0.536006697268144E-00018
                  23      0.536302578616091E-00018
                  24      0.536488404421392E-00018
                  25      0.536561475196907E-00018
                  26      0.536561255443255E-00018
                  27      0.536487430745663E-00018
                  28      0.536300836515529E-00018
                  29      0.536004113753417E-00018
                  30      0.535601457796794E-00018
                  31      0.535098531505072E-00018
                  32      0.534502441710981E-00018
                  33      0.533821665638984E-00018
                  34      0.533065947848193E-00018
                  35      0.532246182436797E-00018
                  36      0.531374286934371E-00018
                  37      0.530463071170449E-00018
                  38      0.529526102938926E-00018
                  39      0.528577565418304E-00018
                  40      0.527632101297517E-00018
                  41      0.526704645644950E-00018
                  42      0.525810257328905E-00018
                  43      0.524963956218713E-00018
                  44      0.524180555066742E-00018
                  45      0.523474473947368E-00018
                  46      0.522859544772917E-00018
                  47      0.522348804848026E-00018
                  48      0.521954176289114E-00018
                  49      0.521685309622517E-00018
                  50      0.521555613322470E-00018
