                   1      0.521576084126073E-00018
                   2      0.525771846433125E-00018
                   3      0.527964201352315E-00018
                   4      0.530140397400949E-00018
                   5      0.532146727563518E-00018
                   6      0.533879458057704E-00018
                   7      0.535235875109018E-00018
                   8      0.536136305398539E-00018
                   9      0.536539742514584E-00018
                  10      0.536571115605268E-00018
                  11      0.536571208794025E-00018
                  12      0.536571215240276E-00018
                  13      0.536571208750692E-00018
                  14      0.536571205663827E-00018
                  15      0.536571082365314E-00018
                  16      0.536373891315943E-00018
                  17      0.535689471655773E-00018
                  18      0.534525531200629E-00018
                  19      0.532946515852677E-00018
                  20      0.530976868582563E-00018
                  21      0.528666426816001E-00018
                  22      0.524224457477590E-00018
                  23      0.525137497520378E-00018
                  24      0.528469309642210E-00018
                  25      0.531848380354504E-00018
                  26      0.535630952955206E-00018
                  27      0.539653429785191E-00018
                  28      0.543739555232409E-00018
                  29      0.547731438822970E-00018
                  30      0.551482167904989E-00018
                  31      0.554867307063507E-00018
                  32      0.557792378176824E-00018
                  33      0.560198982628681E-00018
                  34      0.562067496088021E-00018
                  35      0.563413382694247E-00018
                  36      0.564273769399852E-00018
                  37      0.564650800943515E-00018
                  38      0.564666532049842E-00018
                  39      0.564661444969295E-00018
                  40      0.564747499707286E-00018
                  41      0.563061359459849E-00018
                  42      0.559926070069298E-00018
                  43      0.555734227388418E-00018
                  44      0.550801737001317E-00018
                  45      0.545555219509730E-00018
                  46      0.540364411715684E-00018
                  47      0.535487439958827E-00018
                  48      0.531069927841141E-00018
                  49      0.527249679864109E-00018
                  50      0.521475097630000E-00018
