                   1      0.521555613383749E-00018
                   2      0.521631818115293E-00018
                   3      0.521850856571378E-00018
                   4      0.522201329244364E-00018
                   5      0.522672224927451E-00018
                   6      0.523251485185701E-00018
                   7      0.523926192131610E-00018
                   8      0.524682674688038E-00018
                   9      0.525506651898984E-00018
                  10      0.526383413447870E-00018
                  11      0.527298005827571E-00018
                  12      0.528235398005485E-00018
                  13      0.529180627682875E-00018
                  14      0.530118953614977E-00018
                  15      0.531036028283587E-00018
                  16      0.531918073619139E-00018
                  17      0.532752036730962E-00018
                  18      0.533525723986107E-00018
                  19      0.534227929739521E-00018
                  20      0.534848567500720E-00018
                  21      0.535378786899671E-00018
                  22      0.535811064293109E-00018
                  23      0.536139281788190E-00018
                  24      0.536358799527332E-00018
                  25      0.536466463474060E-00018
                  26      0.536465316969534E-00018
                  27      0.536355186096669E-00018
                  28      0.536133230041492E-00018
                  29      0.535802595969826E-00018
                  30      0.535367930292805E-00018
                  31      0.534835350637135E-00018
                  32      0.534212372041741E-00018
                  33      0.533507835381438E-00018
                  34      0.532731824580703E-00018
                  35      0.531895553064197E-00018
                  36      0.531011228164535E-00018
                  37      0.530091912138965E-00018
                  38      0.529151382538927E-00018
                  39      0.528203982956067E-00018
                  40      0.527264455904351E-00018
                  41      0.526347776086930E-00018
                  42      0.525469012304864E-00018
                  43      0.524643173492568E-00018
                  44      0.523884978947821E-00018
                  45      0.523208640562595E-00018
                  46      0.522627756650599E-00018
                  47      0.522155246740186E-00018
                  48      0.521803233317861E-00018
                  49      0.521582792975136E-00018
                  50      0.521505270416054E-00018
