                   1      0.521555613385289E-00018
                   2      0.522130614951685E-00018
                   3      0.523681825407750E-00018
                   4      0.525921163186333E-00018
                   5      0.528523441754111E-00018
                   6      0.531154060811905E-00018
                   7      0.533528399289720E-00018
                   8      0.535628165257412E-00018
                   9      0.538154694960046E-00018
                  10      0.541492996941027E-00018
                  11      0.545595131069443E-00018
                  12      0.550402430661658E-00018
                  13      0.555749736803705E-00018
                  14      0.561483221710100E-00018
                  15      0.567328338485752E-00018
                  16      0.572776813020781E-00018
                  17      0.577217411686344E-00018
                  18      0.580182592671264E-00018
                  19      0.581425951330450E-00018
                  20      0.580901477070090E-00018
                  21      0.578614618276919E-00018
                  22      0.574705862933487E-00018
                  23      0.569429991560721E-00018
                  24      0.563126321959468E-00018
                  25      0.556192609496579E-00018
                  26      0.549054881397049E-00018
                  27      0.542135775830928E-00018
                  28      0.535823882942192E-00018
                  29      0.530446417867411E-00018
                  30      0.526247082703167E-00018
                  31      0.523370892326524E-00018
                  32      0.521856609995998E-00018
                  33      0.521650508020369E-00018
                  34      0.522596869680889E-00018
                  35      0.524425548764451E-00018
                  36      0.526834774815197E-00018
                  37      0.529492644440224E-00018
                  38      0.532065607883842E-00018
                  39      0.534248248876827E-00018
                  40      0.535790052791685E-00018
                  41      0.536517472318030E-00018
                  42      0.536366821379320E-00018
                  43      0.535346628303493E-00018
                  44      0.533562406870281E-00018
                  45      0.531216224859451E-00018
                  46      0.528578914454726E-00018
                  47      0.525966164133757E-00018
                  48      0.523712416804452E-00018
                  49      0.522144302229500E-00018
                  50      0.521555613249567E-00018
