                   1      0.521505270375645E-00018
                   2      0.521616354244897E-00018
                   3      0.521869460416627E-00018
                   4      0.522249779355761E-00018
                   5      0.522747376823445E-00018
                   6      0.523350319210876E-00018
                   7      0.524045615715100E-00018
                   8      0.524819482696490E-00018
                   9      0.525657526705787E-00018
                  10      0.526544943260797E-00018
                  11      0.527466726722707E-00018
                  12      0.528407849060143E-00018
                  13      0.529353397759027E-00018
                  14      0.530288717894501E-00018
                  15      0.531199581379244E-00018
                  16      0.532072359617479E-00018
                  17      0.532894178378412E-00018
                  18      0.533653058860886E-00018
                  19      0.534338050900321E-00018
                  20      0.534939343323925E-00018
                  21      0.535448354718643E-00018
                  22      0.535857839973903E-00018
                  23      0.536162004343879E-00018
                  24      0.536356559720792E-00018
                  25      0.536438654227228E-00018
                  26      0.536438327181612E-00018
                  27      0.536354813271566E-00018
                  28      0.536158754422616E-00018
                  29      0.535853028089075E-00018
                  30      0.535441939724144E-00018
                  31      0.534931321088167E-00018
                  32      0.534328458906329E-00018
                  33      0.533641963696771E-00018
                  34      0.532881647950045E-00018
                  35      0.532058438730721E-00018
                  36      0.531184290823039E-00018
                  37      0.530272065099937E-00018
                  38      0.529335382781298E-00018
                  39      0.528388479422007E-00018
                  40      0.527446050858616E-00018
                  41      0.526523063069825E-00018
                  42      0.525634549576197E-00018
                  43      0.524795465864974E-00018
                  44      0.524020572299658E-00018
                  45      0.523324260098509E-00018
                  46      0.522720341721385E-00018
                  47      0.522221852003677E-00018
                  48      0.521840789921362E-00018
                  49      0.521587303713001E-00018
                  50      0.521475097598547E-00018
