                   1      0.521555613379476E-00018
                   2      0.521636288637347E-00018
                   3      0.521859535616059E-00018
                   4      0.522214183275767E-00018
                   5      0.522689187412661E-00018
                   6      0.523272450502739E-00018
                   7      0.523951019161035E-00018
                   8      0.524711204568949E-00018
                   9      0.525538724547735E-00018
                  10      0.526418868957345E-00018
                  11      0.527336671782797E-00018
                  12      0.528277077728934E-00018
                  13      0.529225101176660E-00018
                  14      0.530165987136747E-00018
                  15      0.531085377275503E-00018
                  16      0.531969473876775E-00018
                  17      0.532805201991721E-00018
                  18      0.533580363915268E-00018
                  19      0.534283763171290E-00018
                  20      0.534905307681168E-00018
                  21      0.535436125030967E-00018
                  22      0.535868677836096E-00018
                  23      0.536196850406877E-00018
                  24      0.536416008746951E-00018
                  25      0.536523019476505E-00018
                  26      0.536520995168283E-00018
                  27      0.536409675020396E-00018
                  28      0.536186217975417E-00018
                  29      0.535853794135882E-00018
                  30      0.535417050993057E-00018
                  31      0.534882105588558E-00018
                  32      0.534256481910381E-00018
                  33      0.533549043578394E-00018
                  34      0.532769905783369E-00018
                  35      0.531930308256318E-00018
                  36      0.531042468458598E-00018
                  37      0.530119448511485E-00018
                  38      0.529175035122455E-00018
                  39      0.528223606311134E-00018
                  40      0.527279961593076E-00018
                  41      0.526359115207673E-00018
                  42      0.525476099802908E-00018
                  43      0.524645828580214E-00018
                  44      0.523882984764546E-00018
                  45      0.523201874934401E-00018
                  46      0.522616239024970E-00018
                  47      0.522139067451076E-00018
                  48      0.521782464769968E-00018
                  49      0.521557465632657E-00018
                  50      0.521475098046362E-00018
