                   1      0.521555613385663E-00018
                   2      0.523986415518299E-00018
                   3      0.525873819937636E-00018
                   4      0.527935675404591E-00018
                   5      0.530027226793263E-00018
                   6      0.532004795597841E-00018
                   7      0.533736162102070E-00018
                   8      0.535106391279277E-00018
                   9      0.536025819392437E-00018
                  10      0.536442122295258E-00018
                  11      0.536478175694291E-00018
                  12      0.536478174805869E-00018
                  13      0.536478174928054E-00018
                  14      0.536476738357719E-00018
                  15      0.536271612587909E-00018
                  16      0.535569621137345E-00018
                  17      0.534387882300069E-00018
                  18      0.532801497019878E-00018
                  19      0.530915010087739E-00018
                  20      0.528865724722665E-00018
                  21      0.524977442629359E-00018
                  22      0.528081309124570E-00018
                  23      0.531672423391141E-00018
                  24      0.535859211911145E-00018
                  25      0.540485528348259E-00018
                  26      0.545381085498024E-00018
                  27      0.550357649297447E-00018
                  28      0.555220416324373E-00018
                  29      0.559780618046453E-00018
                  30      0.563867618572127E-00018
                  31      0.567339737488082E-00018
                  32      0.570096078568432E-00018
                  33      0.572088715629681E-00018
                  34      0.573329733744345E-00018
                  35      0.573850393954391E-00018
                  36      0.573934359091067E-00018
                  37      0.573936836659202E-00018
                  38      0.572651131006854E-00018
                  39      0.570003631998131E-00018
                  40      0.566185358231300E-00018
                  41      0.561463475328223E-00018
                  42      0.556194017886942E-00018
                  43      0.550700522479992E-00018
                  44      0.545242156960449E-00018
                  45      0.540028489823473E-00018
                  46      0.535232636317475E-00018
                  47      0.530993638706526E-00018
                  48      0.527415372460736E-00018
                  49      0.524562772599193E-00018
                  50      0.521475097641567E-00018
