                   1      0.521475097636568E-00018
                   2      0.525583819644224E-00018
                   3      0.527762864721681E-00018
                   4      0.529936625338135E-00018
                   5      0.531971111406364E-00018
                   6      0.533738461174951E-00018
                   7      0.535130411209634E-00018
                   8      0.536064489696072E-00018
                   9      0.536495381236636E-00018
                  10      0.536532397010339E-00018
                  11      0.536534432430215E-00018
                  12      0.536534427335061E-00018
                  13      0.536534413802334E-00018
                  14      0.536534251272717E-00018
                  15      0.536533292285758E-00018
                  16      0.536307516557690E-00018
                  17      0.535581768940013E-00018
                  18      0.534375104284532E-00018
                  19      0.532759070974767E-00018
                  20      0.530837643233324E-00018
                  21      0.528711497020083E-00018
                  22      0.523521811057922E-00018
                  23      0.526848212511559E-00018
                  24      0.530358889584285E-00018
                  25      0.534270591935406E-00018
                  26      0.538521195715958E-00018
                  27      0.542954529750473E-00018
                  28      0.547392498574931E-00018
                  29      0.551664088191941E-00018
                  30      0.555612206452739E-00018
                  31      0.559104733433166E-00018
                  32      0.562044848297830E-00018
                  33      0.564379088792480E-00018
                  34      0.566101573888300E-00018
                  35      0.567252893001041E-00018
                  36      0.567936408692308E-00018
                  37      0.568280093770235E-00018
                  38      0.568276656530843E-00018
                  39      0.567866636644937E-00018
                  40      0.566789326235516E-00018
                  41      0.564481729542850E-00018
                  42      0.560818040180735E-00018
                  43      0.556124044967037E-00018
                  44      0.550869127959131E-00018
                  45      0.545464265697463E-00018
                  46      0.540212431085708E-00018
                  47      0.535326235614250E-00018
                  48      0.530954151599903E-00018
                  49      0.527186083821151E-00018
                  50      0.521576084086812E-00018
