                   1      0.521475097638226E-00018
                   2      0.521584816334703E-00018
                   3      0.521836229064438E-00018
                   4      0.522215431185058E-00018
                   5      0.522712219256921E-00018
                   6      0.523314608914057E-00018
                   7      0.524009601391231E-00018
                   8      0.524783425582423E-00018
                   9      0.525621716176360E-00018
                  10      0.526509696836752E-00018
                  11      0.527432356885125E-00018
                  12      0.528374618971753E-00018
                  13      0.529321520191244E-00018
                  14      0.530258400539851E-00018
                  15      0.531171058924639E-00018
                  16      0.532045879069451E-00018
                  17      0.532869970760034E-00018
                  18      0.533631329594601E-00018
                  19      0.534318978582217E-00018
                  20      0.534923081120603E-00018
                  21      0.535435042096957E-00018
                  22      0.535847606410819E-00018
                  23      0.536154948012127E-00018
                  24      0.536352723284535E-00018
                  25      0.536438012062941E-00018
                  26      0.536438321243861E-00018
                  27      0.536354588980265E-00018
                  28      0.536158370296426E-00018
                  29      0.535852590471854E-00018
                  30      0.535441598900110E-00018
                  31      0.534931221657754E-00018
                  32      0.534328697374100E-00018
                  33      0.533642597196963E-00018
                  34      0.532882744829738E-00018
                  35      0.532060113188402E-00018
                  36      0.531186698323812E-00018
                  37      0.530275383867035E-00018
                  38      0.529339799263864E-00018
                  39      0.528394169375105E-00018
                  40      0.527453157031769E-00018
                  41      0.526531702699430E-00018
                  42      0.525644860524545E-00018
                  43      0.524807631540581E-00018
                  44      0.524034793368953E-00018
                  45      0.523340717667596E-00018
                  46      0.522739179237391E-00018
                  47      0.522243165946678E-00018
                  48      0.521864619702820E-00018
                  49      0.521613607723755E-00018
                  50      0.521505270278707E-00018
