                   1      0.521475097675298E-00018
                   2      0.521587245711017E-00018
                   3      0.521841059935635E-00018
                   4      0.522222554238934E-00018
                   5      0.522721576800566E-00018
                   6      0.523326136445655E-00018
                   7      0.524023208561681E-00018
                   8      0.524798999071187E-00018
                   9      0.525639128439659E-00018
                  10      0.526528809282247E-00018
                  11      0.527453030470804E-00018
                  12      0.528396731879143E-00018
                  13      0.529344966761574E-00018
                  14      0.530283070395788E-00018
                  15      0.531196826167086E-00018
                  16      0.532072611400487E-00018
                  17      0.532897535661944E-00018
                  18      0.533659588656376E-00018
                  19      0.534347794858529E-00018
                  20      0.534952346548882E-00018
                  21      0.535464694559704E-00018
                  22      0.535877618625184E-00018
                  23      0.536185305018088E-00018
                  24      0.536383412829372E-00018
                  25      0.536469095514224E-00018
                  26      0.536470380954294E-00018
                  27      0.536390619112006E-00018
                  28      0.536198162348577E-00018
                  29      0.535896047721860E-00018
                  30      0.535488624324958E-00018
                  31      0.534981685111962E-00018
                  32      0.534382438762258E-00018
                  33      0.533699439538408E-00018
                  34      0.532942495123646E-00018
                  35      0.532122562818330E-00018
                  36      0.531251630002803E-00018
                  37      0.530342577004240E-00018
                  38      0.529409024742208E-00018
                  39      0.528465173139725E-00018
                  40      0.527525645929172E-00018
                  41      0.526605352525364E-00018
                  42      0.525719346411400E-00018
                  43      0.524882648995589E-00018
                  44      0.524110050417938E-00018
                  45      0.523415922268139E-00018
                  46      0.522814045046690E-00018
                  47      0.522317424942312E-00018
                  48      0.521938015217665E-00018
                  49      0.521685803778393E-00018
                  50      0.521576084148674E-00018
