                   1      0.521576084096762E-00018
                   2      0.521707504081178E-00018
                   3      0.521977222778606E-00018
                   4      0.522372587788038E-00018
                   5      0.522883935502411E-00018
                   6      0.523499334798681E-00018
                   7      0.524205751179022E-00018
                   8      0.524989368813556E-00018
                   9      0.525835780836639E-00018
                  10      0.526730171702815E-00018
                  11      0.527657508244178E-00018
                  12      0.528602716286807E-00018
                  13      0.529550842087117E-00018
                  14      0.530487228455047E-00018
                  15      0.531397689845362E-00018
                  16      0.532268661926136E-00018
                  17      0.533087339780288E-00018
                  18      0.533841816551104E-00018
                  19      0.534521219242685E-00018
                  20      0.535115831110188E-00018
                  21      0.535617192822374E-00018
                  22      0.536018186983949E-00018
                  23      0.536313113543979E-00018
                  24      0.536497737101097E-00018
                  25      0.536569433699366E-00018
                  26      0.536568811999547E-00018
                  27      0.536493418622918E-00018
                  28      0.536305032877316E-00018
                  29      0.536006395824327E-00018
                  30      0.535601738770983E-00018
                  31      0.535096738766312E-00018
                  32      0.534498495364451E-00018
                  33      0.533815476569168E-00018
                  34      0.533057435533590E-00018
                  35      0.532235289553509E-00018
                  36      0.531360970853084E-00018
                  37      0.530447283409897E-00018
                  38      0.529507782831538E-00018
                  39      0.528556652919304E-00018
                  40      0.527608548446300E-00018
                  41      0.526678415839699E-00018
                  42      0.525781324315299E-00018
                  43      0.524932307717483E-00018
                  44      0.524146194176444E-00018
                  45      0.523437426717780E-00018
                  46      0.522819876390154E-00018
                  47      0.522306618651219E-00018
                  48      0.521909590835168E-00018
                  49      0.521638474855671E-00018
                  50      0.521505270250673E-00018
