                   1      0.521475097647671E-00018
                   2      0.521747522906818E-00018
                   3      0.522506643494197E-00018
                   4      0.523669924086488E-00018
                   5      0.525145140485380E-00018
                   6      0.526832425863553E-00018
                   7      0.528627722235136E-00018
                   8      0.530426794874081E-00018
                   9      0.532129547969578E-00018
                  10      0.533644146305393E-00018
                  11      0.534890746779518E-00018
                  12      0.535805411161041E-00018
                  13      0.536352641163461E-00018
                  14      0.536611547450819E-00018
                  15      0.537059258535361E-00018
                  16      0.538120267876375E-00018
                  17      0.539926364388490E-00018
                  18      0.542527287644617E-00018
                  19      0.545823761317412E-00018
                  20      0.549651361428280E-00018
                  21      0.553822767136606E-00018
                  22      0.558162381448621E-00018
                  23      0.562507187223314E-00018
                  24      0.566700960237269E-00018
                  25      0.570594774904478E-00018
                  26      0.574051053537032E-00018
                  27      0.576948382435319E-00018
                  28      0.579185748689966E-00018
                  29      0.580685073200759E-00018
                  30      0.581385908267830E-00018
                  31      0.581124919299736E-00018
                  32      0.580005310565731E-00018
                  33      0.578088717138197E-00018
                  34      0.575440957439985E-00018
                  35      0.572142791655870E-00018
                  36      0.568292583186484E-00018
                  37      0.564003532839382E-00018
                  38      0.559399830476868E-00018
                  39      0.554612431099834E-00018
                  40      0.549774628351386E-00018
                  41      0.545017569122701E-00018
                  42      0.540465891290213E-00018
                  43      0.536233652988187E-00018
                  44      0.532420677301606E-00018
                  45      0.529109398441917E-00018
                  46      0.526362283856941E-00018
                  47      0.524220130387484E-00018
                  48      0.522701629375125E-00018
                  49      0.521804023780531E-00018
                  50      0.521505270515586E-00018
