                   1      0.521505270375796E-00018
                   2      0.521830163921861E-00018
                   3      0.522683838893912E-00018
                   4      0.523966245414649E-00018
                   5      0.525569051314053E-00018
                   6      0.527375689737774E-00018
                   7      0.529266046116466E-00018
                   8      0.531121751506899E-00018
                   9      0.532831157715812E-00018
                  10      0.534294238632080E-00018
                  11      0.535427122512269E-00018
                  12      0.536166020571991E-00018
                  13      0.536474233826170E-00018
                  14      0.536481762201209E-00018
                  15      0.536452883931875E-00018
                  16      0.536459373615706E-00018
                  17      0.537051182968496E-00018
                  18      0.538597357233102E-00018
                  19      0.541251933776115E-00018
                  20      0.544843592905034E-00018
                  21      0.549121990375635E-00018
                  22      0.553754067049827E-00018
                  23      0.558479318876355E-00018
                  24      0.563122035897730E-00018
                  25      0.567521919156133E-00018
                  26      0.571525687754185E-00018
                  27      0.574992319139231E-00018
                  28      0.577797898015718E-00018
                  29      0.579840706997783E-00018
                  30      0.581046440505636E-00018
                  31      0.581378095840425E-00018
                  32      0.580986762894763E-00018
                  33      0.579701994400470E-00018
                  34      0.577564005871819E-00018
                  35      0.574643956055837E-00018
                  36      0.571037131617422E-00018
                  37      0.566860211630502E-00018
                  38      0.562246989805165E-00018
                  39      0.557343098251539E-00018
                  40      0.552300349750966E-00018
                  41      0.547271028034407E-00018
                  42      0.542402301608177E-00018
                  43      0.537830914265057E-00018
                  44      0.533678323671779E-00018
                  45      0.530046475602305E-00018
                  46      0.527014358024163E-00018
                  47      0.524635700051192E-00018
                  48      0.522938341313632E-00018
                  49      0.521924521419982E-00018
                  50      0.521576084187780E-00018
