                   1      0.521555613379495E-00018
                   2      0.521653270567749E-00018
                   3      0.521893296006427E-00018
                   4      0.522262675833410E-00018
                   5      0.522750941509139E-00018
                   6      0.523346069533605E-00018
                   7      0.524035053825408E-00018
                   8      0.524804149439240E-00018
                   9      0.525639045266247E-00018
                  10      0.526525003005806E-00018
                  11      0.527447044466914E-00018
                  12      0.528390134967329E-00018
                  13      0.529339296183145E-00018
                  14      0.530279740121788E-00018
                  15      0.531197100702131E-00018
                  16      0.532077663329451E-00018
                  17      0.532908522019202E-00018
                  18      0.533677666846963E-00018
                  19      0.534374034888362E-00018
                  20      0.534987618309558E-00018
                  21      0.535509640835536E-00018
                  22      0.535932689248814E-00018
                  23      0.536250745469418E-00018
                  24      0.536459260540785E-00018
                  25      0.536555134547413E-00018
                  26      0.536556002031753E-00018
                  27      0.536460646013636E-00018
                  28      0.536252755933333E-00018
                  29      0.535935496563083E-00018
                  30      0.535513347700476E-00018
                  31      0.534992223427396E-00018
                  32      0.534379505130520E-00018
                  33      0.533683949647983E-00018
                  34      0.532915539690125E-00018
                  35      0.532085368980059E-00018
                  36      0.531205528888819E-00018
                  37      0.530288977161583E-00018
                  38      0.529349415226329E-00018
                  39      0.528401165536390E-00018
                  40      0.527458978190286E-00018
                  41      0.526537803717980E-00018
                  42      0.525652657485106E-00018
                  43      0.524818530319602E-00018
                  44      0.524050205103954E-00018
                  45      0.523362027330181E-00018
                  46      0.522767739132205E-00018
                  47      0.522280327237836E-00018
                  48      0.521911806214278E-00018
                  49      0.521672679121699E-00018
                  50      0.521576084036822E-00018
