                   1      0.521475097649188E-00018
                   2      0.521669276716682E-00018
                   3      0.522197850980787E-00018
                   4      0.523018516685091E-00018
                   5      0.524083414708270E-00018
                   6      0.525340082842180E-00018
                   7      0.526732456719747E-00018
                   8      0.528202361396668E-00018
                   9      0.529692082502481E-00018
                  10      0.531145530115293E-00018
                  11      0.532508970306127E-00018
                  12      0.533733268334056E-00018
                  13      0.534775098483134E-00018
                  14      0.535598044126702E-00018
                  15      0.536173603867332E-00018
                  16      0.536481964689123E-00018
                  17      0.536517891611604E-00018
                  18      0.536283844860672E-00018
                  19      0.535783768208912E-00018
                  20      0.535901877196790E-00018
                  21      0.580058512897310E-00018
                  22      0.807718604140539E-00018
                  23      0.121270577588521E-00017
                  24      0.179299487762270E-00017
                  25      0.254241756473590E-00017
                  26      0.345271576457602E-00017
                  27      0.451382894237633E-00017
                  28      0.571400138784578E-00017
                  29      0.703990763682663E-00017
                  30      0.847679726829554E-00017
                  31      0.100086577002308E-00016
                  32      0.116183932005907E-00016
                  33      0.132880179384004E-00016
                  34      0.149988606050171E-00016
                  35      0.167317778934508E-00016
                  36      0.184673738490719E-00016
                  37      0.201862204649630E-00016
                  38      0.218690807524143E-00016
                  39      0.234971270375252E-00016
                  40      0.250521533611043E-00016
                  41      0.265167795142987E-00016
                  42      0.278746443556994E-00016
                  43      0.291105864516981E-00016
                  44      0.302108103722601E-00016
                  45      0.311630372461656E-00016
                  46      0.319566383983552E-00016
                  47      0.325827510637437E-00016
                  48      0.330343753280925E-00016
                  49      0.333064507321843E-00016
                  50      0.333959582389584E-00016
