                   1      0.521555613381741E-00018
                   2      0.522540311070825E-00018
                   3      0.523984677903341E-00018
                   4      0.525835483873153E-00018
                   5      0.527925107154204E-00018
                   6      0.530078880427153E-00018
                   7      0.532126320076811E-00018
                   8      0.533910896467066E-00018
                   9      0.535299326515675E-00018
                  10      0.536189531847752E-00018
                  11      0.536524220325778E-00018
                  12      0.536534406432044E-00018
                  13      0.536430666499709E-00018
                  14      0.535823383580642E-00018
                  15      0.534679867535470E-00018
                  16      0.533082103163925E-00018
                  17      0.531147707872327E-00018
                  18      0.529022025498428E-00018
                  19      0.526869612644207E-00018
                  20      0.524864509199860E-00018
                  21      0.523177714830013E-00018
                  22      0.521930801438818E-00018
                  23      0.521899326792421E-00018
                  24      0.522536633315332E-00018
                  25      0.523374897603031E-00018
                  26      0.524757830971925E-00018
                  27      0.526717301267267E-00018
                  28      0.529183044233255E-00018
                  29      0.532052916109925E-00018
                  30      0.535207266906323E-00018
                  31      0.538515602008396E-00018
                  32      0.541843311321706E-00018
                  33      0.545058603861137E-00018
                  34      0.548039338586043E-00018
                  35      0.550679319772502E-00018
                  36      0.552893488927979E-00018
                  37      0.554621296204590E-00018
                  38      0.555827347462596E-00018
                  39      0.556495042369691E-00018
                  40      0.556595599603898E-00018
                  41      0.554573835450469E-00018
                  42      0.550312454121414E-00018
                  43      0.545341976297211E-00018
                  44      0.540160409524879E-00018
                  45      0.535250257033679E-00018
                  46      0.530909166090104E-00018
                  47      0.527305553338573E-00018
                  48      0.524534000913588E-00018
                  49      0.522634944618200E-00018
                  50      0.521505270187694E-00018
