                   1      0.521576084110058E-00018
                   2      0.522189964798469E-00018
                   3      0.523823809812897E-00018
                   4      0.526165406234991E-00018
                   5      0.528861609398649E-00018
                   6      0.531549335765022E-00018
                   7      0.533890624158399E-00018
                   8      0.535628362992451E-00018
                   9      0.536816029058885E-00018
                  10      0.538694238226039E-00018
                  11      0.542240298513725E-00018
                  12      0.546838856561363E-00018
                  13      0.552163412383473E-00018
                  14      0.557803549110139E-00018
                  15      0.563371721566193E-00018
                  16      0.568655705559980E-00018
                  17      0.573577300711628E-00018
                  18      0.577746387108006E-00018
                  19      0.580476083434632E-00018
                  20      0.581379690310081E-00018
                  21      0.580428337403221E-00018
                  22      0.577638951094722E-00018
                  23      0.573203680860066E-00018
                  24      0.567425713668645E-00018
                  25      0.560694162239869E-00018
                  26      0.553452674423011E-00018
                  27      0.546164245306889E-00018
                  28      0.539275268733057E-00018
                  29      0.533181815293217E-00018
                  30      0.528200738993064E-00018
                  31      0.524547708888022E-00018
                  32      0.522323696930379E-00018
                  33      0.521512853462580E-00018
                  34      0.522012153131098E-00018
                  35      0.523563532927971E-00018
                  36      0.525857660963082E-00018
                  37      0.528544292946182E-00018
                  38      0.531259626707113E-00018
                  39      0.533660090463723E-00018
                  40      0.535454073288952E-00018
                  41      0.536428804481731E-00018
                  42      0.536482232960999E-00018
                  43      0.535612074850054E-00018
                  44      0.533906680993635E-00018
                  45      0.531569852587980E-00018
                  46      0.528885264668363E-00018
                  47      0.526189264131024E-00018
                  48      0.523841896823358E-00018
                  49      0.522197591206947E-00018
                  50      0.521576083989178E-00018
