                   1      0.521505270382121E-00018
                   2      0.521620993502540E-00018
                   3      0.521877882743892E-00018
                   4      0.522262508945082E-00018
                   5      0.522764693130066E-00018
                   6      0.523372430690786E-00018
                   7      0.524072686179418E-00018
                   8      0.524851667685043E-00018
                   9      0.525695007098926E-00018
                  10      0.526587921611812E-00018
                  11      0.527515387628013E-00018
                  12      0.528462322374956E-00018
                  13      0.529413762606391E-00018
                  14      0.530355037156330E-00018
                  15      0.531271925834064E-00018
                  16      0.532150798997046E-00018
                  17      0.532978741753680E-00018
                  18      0.533743686862127E-00018
                  19      0.534434581263148E-00018
                  20      0.535041556422220E-00018
                  21      0.535556044243949E-00018
                  22      0.535970841321764E-00018
                  23      0.536280158612589E-00018
                  24      0.536479654997701E-00018
                  25      0.536566418844384E-00018
                  26      0.536567386904448E-00018
                  27      0.536484713732420E-00018
                  28      0.536289123347256E-00018
                  29      0.535983590787347E-00018
                  30      0.535572457604326E-00018
                  31      0.535061549231636E-00018
                  32      0.534458130198565E-00018
                  33      0.533770808547700E-00018
                  34      0.533009431287333E-00018
                  35      0.532184980424923E-00018
                  36      0.531309461814244E-00018
                  37      0.530395777604885E-00018
                  38      0.529457579056310E-00018
                  39      0.528509109510770E-00018
                  40      0.527565047029930E-00018
                  41      0.526640343076900E-00018
                  42      0.525750055882344E-00018
                  43      0.524909186716119E-00018
                  44      0.524132516513479E-00018
                  45      0.523434430960139E-00018
                  46      0.522828736034576E-00018
                  47      0.522328463913550E-00018
                  48      0.521945602187010E-00018
                  49      0.521690272104518E-00018
                  50      0.521576084057485E-00018
