                   1      0.521505270374224E-00018
                   2      0.521891390419848E-00018
                   3      0.522914355324521E-00018
                   4      0.524439818790197E-00018
                   5      0.526317799364425E-00018
                   6      0.528387548146720E-00018
                   7      0.530485539004742E-00018
                   8      0.532454553339103E-00018
                   9      0.534152217648890E-00018
                  10      0.535458741586276E-00018
                  11      0.536283474238534E-00018
                  12      0.536570767765392E-00018
                  13      0.536377667860298E-00018
                  14      0.535649096485293E-00018
                  15      0.534426482734772E-00018
                  16      0.532794938760062E-00018
                  17      0.530869683473177E-00018
                  18      0.528789707018024E-00018
                  19      0.526710509464499E-00018
                  20      0.524800230748256E-00018
                  21      0.523242067745727E-00018
                  22      0.522321804137873E-00018
                  23      0.522065240674242E-00018
                  24      0.522636367842434E-00018
                  25      0.524117268537783E-00018
                  26      0.526186201958423E-00018
                  27      0.528805247026974E-00018
                  28      0.531906610732741E-00018
                  29      0.535375342064057E-00018
                  30      0.539080281454271E-00018
                  31      0.542880714850827E-00018
                  32      0.546632000328973E-00018
                  33      0.550192039215377E-00018
                  34      0.553427558788771E-00018
                  35      0.556219937404456E-00018
                  36      0.558469890399364E-00018
                  37      0.560099033660360E-00018
                  38      0.561038712393364E-00018
                  39      0.560740121900325E-00018
                  40      0.556701201641164E-00018
                  41      0.551692514722493E-00018
                  42      0.546339360965428E-00018
                  43      0.541060015058852E-00018
                  44      0.536138452819168E-00018
                  45      0.531768556236757E-00018
                  46      0.528087030257291E-00018
                  47      0.525186249481675E-00018
                  48      0.523116665403636E-00018
                  49      0.521888263407495E-00018
                  50      0.521475097737571E-00018
