                   1      0.521576084106872E-00018
                   2      0.521686325699334E-00018
                   3      0.521938531300257E-00018
                   4      0.522317829087975E-00018
                   5      0.522814353510138E-00018
                   6      0.523416161854380E-00018
                   7      0.524110222824216E-00018
                   8      0.524882723723784E-00018
                   9      0.525719285877416E-00018
                  10      0.526605154691730E-00018
                  11      0.527525365711438E-00018
                  12      0.528464894921648E-00018
                  13      0.529408816728059E-00018
                  14      0.530342467636791E-00018
                  15      0.531251605776631E-00018
                  16      0.532122579909806E-00018
                  17      0.532942499632082E-00018
                  18      0.533699385835127E-00018
                  19      0.534382300735914E-00018
                  20      0.534981461449824E-00018
                  21      0.535488339506236E-00018
                  22      0.535895755387761E-00018
                  23      0.536197949745103E-00018
                  24      0.536390591319163E-00018
                  25      0.536470741297525E-00018
                  26      0.536469496403552E-00018
                  27      0.536383833251671E-00018
                  28      0.536185619034210E-00018
                  29      0.535877821136242E-00018
                  30      0.535464792272133E-00018
                  31      0.534952338884620E-00018
                  32      0.534347680167035E-00018
                  33      0.533659378768934E-00018
                  34      0.532897251419327E-00018
                  35      0.532072261288529E-00018
                  36      0.531196402771143E-00018
                  37      0.530282576926954E-00018
                  38      0.529344440533999E-00018
                  39      0.528396232738426E-00018
                  40      0.527452608672346E-00018
                  41      0.526528490706151E-00018
                  42      0.525638918858384E-00018
                  43      0.524798887844267E-00018
                  44      0.524023173859876E-00018
                  45      0.523326161080372E-00018
                  46      0.522721667547639E-00018
                  47      0.522222742682302E-00018
                  48      0.521841376978652E-00018
                  49      0.521587657782521E-00018
                  50      0.521475097687611E-00018
