                   1      0.521475097643246E-00018
                   2      0.523565270654258E-00018
                   3      0.525413947946950E-00018
                   4      0.527496417086597E-00018
                   5      0.529652355922939E-00018
                   6      0.531719284730297E-00018
                   7      0.533544119316154E-00018
                   8      0.534993115982479E-00018
                   9      0.535962019697220E-00018
                  10      0.536395449766243E-00018
                  11      0.536443049531726E-00018
                  12      0.536443193343047E-00018
                  13      0.536441848623549E-00018
                  14      0.536302450965531E-00018
                  15      0.535679548055434E-00018
                  16      0.534533013197843E-00018
                  17      0.532939247170289E-00018
                  18      0.531013506487853E-00018
                  19      0.528896273487270E-00018
                  20      0.526742425111147E-00018
                  21      0.524695247619614E-00018
                  22      0.522749987491678E-00018
                  23      0.522258626417250E-00018
                  24      0.522987036601337E-00018
                  25      0.523972644562315E-00018
                  26      0.525719117085573E-00018
                  27      0.528019611951418E-00018
                  28      0.530764719608400E-00018
                  29      0.533834027550011E-00018
                  30      0.537096060706794E-00018
                  31      0.540415067057522E-00018
                  32      0.543658746075716E-00018
                  33      0.546705680511907E-00018
                  34      0.549452036414492E-00018
                  35      0.551816929737336E-00018
                  36      0.553745582576247E-00018
                  37      0.555209049556650E-00018
                  38      0.556198709893122E-00018
                  39      0.556696093052032E-00018
                  40      0.556540357790826E-00018
                  41      0.556630584782306E-00018
                  42      0.553577173576208E-00018
                  43      0.549380448955874E-00018
                  44      0.544465670865942E-00018
                  45      0.539378601771483E-00018
                  46      0.534577666938290E-00018
                  47      0.530345703954233E-00018
                  48      0.526836844580275E-00018
                  49      0.524122414038998E-00018
                  50      0.521555613392688E-00018
