                   1      0.521576084098450E-00018
                   2      0.521870943449433E-00018
                   3      0.522674823691098E-00018
                   4      0.523899307965683E-00018
                   5      0.525443925758957E-00018
                   6      0.527199438488486E-00018
                   7      0.529052429117997E-00018
                   8      0.530890115248423E-00018
                   9      0.532605192470563E-00018
                  10      0.534101296939184E-00018
                  11      0.535311241308321E-00018
                  12      0.536291988393887E-00018
                  13      0.535949579908924E-00018
                  14      0.536291892882075E-00018
                  15      0.537295632871450E-00018
                  16      0.538907303858779E-00018
                  17      0.541055201176282E-00018
                  18      0.543643146153318E-00018
                  19      0.546557537857945E-00018
                  20      0.549683377567048E-00018
                  21      0.552948524024692E-00018
                  22      0.556414205823289E-00018
                  23      0.560261690295879E-00018
                  24      0.564484974875029E-00018
                  25      0.568732571341503E-00018
                  26      0.572610879115148E-00018
                  27      0.575907151558489E-00018
                  28      0.578504236644211E-00018
                  29      0.580318953807885E-00018
                  30      0.581293468366332E-00018
                  31      0.581409077033850E-00018
                  32      0.580671610057304E-00018
                  33      0.579082569205541E-00018
                  34      0.576692638919124E-00018
                  35      0.573577533549261E-00018
                  36      0.569835241636626E-00018
                  37      0.565582292779891E-00018
                  38      0.560949417105830E-00018
                  39      0.556076733120073E-00018
                  40      0.551108610421521E-00018
                  41      0.546188498127819E-00018
                  42      0.541453881221770E-00018
                  43      0.537031530924427E-00018
                  44      0.533033196727189E-00018
                  45      0.529551910851542E-00018
                  46      0.526659084767995E-00018
                  47      0.524402478270394E-00018
                  48      0.522804993078570E-00018
                  49      0.521864468455740E-00018
                  50      0.521555613477801E-00018
