                   1      0.521505270377758E-00018
                   2      0.523306891413654E-00018
                   3      0.525037198695966E-00018
                   4      0.527027852136895E-00018
                   5      0.529132672305945E-00018
                   6      0.531195454099438E-00018
                   7      0.533066408181705E-00018
                   8      0.534612040761635E-00018
                   9      0.535724482990456E-00018
                  10      0.536330238939603E-00018
                  11      0.536442395542002E-00018
                  12      0.536442396580699E-00018
                  13      0.536442396599167E-00018
                  14      0.536336548934500E-00018
                  15      0.535740845827115E-00018
                  16      0.534637492205009E-00018
                  17      0.533098679431803E-00018
                  18      0.531231214703491E-00018
                  19      0.529167858259694E-00018
                  20      0.527056071451405E-00018
                  21      0.525009716227867E-00018
                  22      0.522919191493051E-00018
                  23      0.522199376619951E-00018
                  24      0.523719136939437E-00018
                  25      0.525602085015605E-00018
                  26      0.528153973811994E-00018
                  27      0.531213060172108E-00018
                  28      0.534637320849775E-00018
                  29      0.538285037863392E-00018
                  30      0.542009390760207E-00018
                  31      0.545664930421268E-00018
                  32      0.549115345716410E-00018
                  33      0.552241024013369E-00018
                  34      0.554945937344259E-00018
                  35      0.557162969144746E-00018
                  36      0.558855986643435E-00018
                  37      0.560015190706554E-00018
                  38      0.560629878937583E-00018
                  39      0.560660319453095E-00018
                  40      0.560251520154298E-00018
                  41      0.557497783832219E-00018
                  42      0.553434390462973E-00018
                  43      0.548473798425330E-00018
                  44      0.543219846484530E-00018
                  45      0.538135763039814E-00018
                  46      0.533507702178903E-00018
                  47      0.529509861927174E-00018
                  48      0.526249122447106E-00018
                  49      0.523773263401204E-00018
                  50      0.521555613371301E-00018
