                   1      0.521505270372893E-00018
                   2      0.522242136433775E-00018
                   3      0.524187518462211E-00018
                   4      0.526909767350485E-00018
                   5      0.529925775958402E-00018
                   6      0.532753758127504E-00018
                   7      0.534967335118468E-00018
                   8      0.536243412612676E-00018
                   9      0.536409726249178E-00018
                  10      0.535451813357824E-00018
                  11      0.533487996477165E-00018
                  12      0.530804209454415E-00018
                  13      0.527802526019189E-00018
                  14      0.524969164810141E-00018
                  15      0.522903472388572E-00018
                  16      0.522479402846526E-00018
                  17      0.524794359053578E-00018
                  18      0.528741492721915E-00018
                  19      0.533907909175574E-00018
                  20      0.539883324460074E-00018
                  21      0.546191235675144E-00018
                  22      0.552324656454039E-00018
                  23      0.557792638371037E-00018
                  24      0.562165544783219E-00018
                  25      0.565109262409331E-00018
                  26      0.566299506026735E-00018
                  27      0.562997787995089E-00018
                  28      0.555679059488508E-00018
                  29      0.547684953221908E-00018
                  30      0.539982125029512E-00018
                  31      0.533189110560757E-00018
                  32      0.527750316658372E-00018
                  33      0.523949441814949E-00018
                  34      0.521897370339912E-00018
                  35      0.521541969574562E-00018
                  36      0.522668146552094E-00018
                  37      0.524884762764019E-00018
                  38      0.527741516029523E-00018
                  39      0.530750195795477E-00018
                  40      0.533439658146355E-00018
                  41      0.535408873809123E-00018
                  42      0.536372059890992E-00018
                  43      0.536211010108769E-00018
                  44      0.534941148357763E-00018
                  45      0.532734813827427E-00018
                  46      0.529915323939455E-00018
                  47      0.526907367686710E-00018
                  48      0.524188901456071E-00018
                  49      0.522241983984721E-00018
                  50      0.521505270137806E-00018
