                   1      0.603690894959041E-00017
                   2      0.573072125752106E-00017
                   3      0.543108461844860E-00017
                   4      0.513851707437987E-00017
                   5      0.485332422743201E-00017
                   6      0.457586899350828E-00017
                   7      0.430642419695663E-00017
                   8      0.404535393792503E-00017
                   9      0.379291268636018E-00017
                  10      0.354933093510668E-00017
                  11      0.331497731899293E-00017
                  12      0.308995797969545E-00017
                  13      0.287450478505026E-00017
                  14      0.266889577193331E-00017
                  15      0.247316408116220E-00017
                  16      0.228750468045591E-00017
                  17      0.211208414612796E-00017
                  18      0.194684915361348E-00017
                  19      0.179190129756927E-00017
                  20      0.164733819120167E-00017
                  21      0.151296372679431E-00017
                  22      0.138870505600622E-00017
                  23      0.127463609199451E-00017
                  24      0.117041963609765E-00017
                  25      0.107580723509154E-00017
                  26      0.990525223314563E-00018
                  27      0.914377730719534E-00018
                  28      0.847012793091080E-00018
                  29      0.787904630898296E-00018
                  30      0.736541930453657E-00018
                  31      0.692537447168401E-00018
                  32      0.655336494782922E-00018
                  33      0.624317904332715E-00018
                  34      0.598931493226834E-00018
                  35      0.578546992098316E-00018
                  36      0.562478934735297E-00018
                  37      0.550065483663305E-00018
                  38      0.540796740834876E-00018
                  39      0.534073695361904E-00018
                  40      0.529222057995687E-00018
                  41      0.525910156636200E-00018
                  42      0.523935582570047E-00018
                  43      0.522687182055249E-00018
                  44      0.522239930675658E-00018
                  45      0.521958393101416E-00018
                  46      0.521759298508075E-00018
                  47      0.521655401513496E-00018
                  48      0.521600419610627E-00018
                  49      0.521567054922953E-00018
                  50      0.521555613408019E-00018
