                   1      0.521505270400359E-00018
                   2      0.521614823972838E-00018
                   3      0.521866555709639E-00018
                   4      0.522245931376643E-00018
                   5      0.522742902971528E-00018
                   6      0.523345494939655E-00018
                   7      0.524040681541568E-00018
                   8      0.524814663833292E-00018
                   9      0.525653067203735E-00018
                  10      0.526541129787219E-00018
                  11      0.527463875083109E-00018
                  12      0.528406266328929E-00018
                  13      0.529353360550872E-00018
                  14      0.530290478532401E-00018
                  15      0.531203386885483E-00018
                  16      0.532078468345255E-00018
                  17      0.532902855318429E-00018
                  18      0.533664542382650E-00018
                  19      0.534352522198500E-00018
                  20      0.534956938358277E-00018
                  21      0.535469205413133E-00018
                  22      0.535882090241671E-00018
                  23      0.536189781351256E-00018
                  24      0.536387933014753E-00018
                  25      0.536473618904832E-00018
                  26      0.536474108729524E-00018
                  27      0.536390793331674E-00018
                  28      0.536194984613725E-00018
                  29      0.535889631397411E-00018
                  30      0.535479085244589E-00018
                  31      0.534969165279499E-00018
                  32      0.534367118491309E-00018
                  33      0.533681543263891E-00018
                  34      0.532922280122284E-00018
                  35      0.532100287437447E-00018
                  36      0.531227528538025E-00018
                  37      0.530316859880495E-00018
                  38      0.529381898705974E-00018
                  39      0.528436877305610E-00018
                  40      0.527496486306890E-00018
                  41      0.526575690422308E-00018
                  42      0.525689540049345E-00018
                  43      0.524853016619040E-00018
                  44      0.524080883371716E-00018
                  45      0.523387508807029E-00018
                  46      0.522786675414429E-00018
                  47      0.522291382578286E-00018
                  48      0.521913573387448E-00018
                  49      0.521663259042077E-00018
                  50      0.521555613975599E-00018
