                   1      0.512728542418528E-00017
                   2      0.517018310152850E-00017
                   3      0.519750038165764E-00017
                   4      0.522645716676244E-00017
                   5      0.525501568557655E-00017
                   6      0.528102359558732E-00017
                   7      0.530247495237007E-00017
                   8      0.531769503633037E-00017
                   9      0.532557319860922E-00017
                  10      0.532694544306478E-00017
                  11      0.532694885608022E-00017
                  12      0.532694888334584E-00017
                  13      0.532694889102573E-00017
                  14      0.532665787521012E-00017
                  15      0.532183461999338E-00017
                  16      0.530960562118125E-00017
                  17      0.529059246287646E-00017
                  18      0.526622749928954E-00017
                  19      0.523836898401249E-00017
                  20      0.520909532154054E-00017
                  21      0.518057541287855E-00017
                  22      0.515132527788206E-00017
                  23      0.515506061948298E-00017
                  24      0.516269047423082E-00017
                  25      0.516350532897598E-00017
                  26      0.518429806270049E-00017
                  27      0.521374622485085E-00017
                  28      0.524749690952076E-00017
                  29      0.528402678164588E-00017
                  30      0.532181530494987E-00017
                  31      0.535930765299257E-00017
                  32      0.539508519823180E-00017
                  33      0.542798387523481E-00017
                  34      0.545715729618691E-00017
                  35      0.548208368264104E-00017
                  36      0.550251764642977E-00017
                  37      0.551840639143268E-00017
                  38      0.552980324189014E-00017
                  39      0.553681840316837E-00017
                  40      0.553955765098459E-00017
                  41      0.553254254764999E-00017
                  42      0.553181644050627E-00017
                  43      0.551244392890329E-00017
                  44      0.546270428596584E-00017
                  45      0.540055745731634E-00017
                  46      0.533563101159551E-00017
                  47      0.527470152595016E-00017
                  48      0.522174590798030E-00017
                  49      0.517848075549280E-00017
                  50      0.512357767587494E-00017
