                   1      0.512515252213416E-00017
                   2      0.512625477885214E-00017
                   3      0.512922709035237E-00017
                   4      0.513391363702910E-00017
                   5      0.514017786765145E-00017
                   6      0.514787053786746E-00017
                   7      0.515682891976118E-00017
                   8      0.516688101031336E-00017
                   9      0.517784726294592E-00017
                  10      0.518954144693390E-00017
                  11      0.520177240343780E-00017
                  12      0.521434572169024E-00017
                  13      0.522706541773980E-00017
                  14      0.523973579806483E-00017
                  15      0.525216349748125E-00017
                  16      0.526415965064558E-00017
                  17      0.527554217603704E-00017
                  18      0.528613814646077E-00017
                  19      0.529578619437908E-00017
                  20      0.530433888117682E-00017
                  21      0.531166495776857E-00017
                  22      0.531765144870003E-00017
                  23      0.532220547960185E-00017
                  24      0.532525566075429E-00017
                  25      0.532675518086046E-00017
                  26      0.532680444908023E-00017
                  27      0.532541393952339E-00017
                  28      0.532247624349523E-00017
                  29      0.531803491761880E-00017
                  30      0.531216043027094E-00017
                  31      0.530494513268487E-00017
                  32      0.529650160820668E-00017
                  33      0.528696075973205E-00017
                  34      0.527646969666801E-00017
                  35      0.526518947825100E-00017
                  36      0.525329276712015E-00017
                  37      0.524096144562366E-00017
                  38      0.522838424216902E-00017
                  39      0.521575441001723E-00017
                  40      0.520326750528313E-00017
                  41      0.519111932661765E-00017
                  42      0.517950408228167E-00017
                  43      0.516861276893389E-00017
                  44      0.515863153291563E-00017
                  45      0.514973987784556E-00017
                  46      0.514210974246504E-00017
                  47      0.513590348313119E-00017
                  48      0.513126989942749E-00017
                  49      0.512834502295748E-00017
                  50      0.512728542160567E-00017
