                   1      0.512728542255392E-00017
                   2      0.513216912721682E-00017
                   3      0.514586214218918E-00017
                   4      0.516655210982112E-00017
                   5      0.519218162700586E-00017
                   6      0.522050908121349E-00017
                   7      0.524920331890840E-00017
                   8      0.527596453308554E-00017
                   9      0.529866325611525E-00017
                  10      0.531548755997128E-00017
                  11      0.532508550511757E-00017
                  12      0.532670519562973E-00017
                  13      0.532026595622547E-00017
                  14      0.530619027574943E-00017
                  15      0.528559333981489E-00017
                  16      0.526011049916193E-00017
                  17      0.523176277571144E-00017
                  18      0.520281996865336E-00017
                  19      0.517567894338359E-00017
                  20      0.515274573197124E-00017
                  21      0.513626408081053E-00017
                  22      0.512806857143539E-00017
                  23      0.512839360493998E-00017
                  24      0.512920336535717E-00017
                  25      0.513967329350929E-00017
                  26      0.516029265988842E-00017
                  27      0.519046935771451E-00017
                  28      0.522902426750743E-00017
                  29      0.527437141887274E-00017
                  30      0.532461727945299E-00017
                  31      0.537765972845613E-00017
                  32      0.543129428774134E-00017
                  33      0.548332154913752E-00017
                  34      0.553165286796455E-00017
                  35      0.557441094216955E-00017
                  36      0.561001793773694E-00017
                  37      0.563723941761233E-00017
                  38      0.565492520324964E-00017
                  39      0.565646050861389E-00017
                  40      0.560192445538218E-00017
                  41      0.553610719491000E-00017
                  42      0.546427552048206E-00017
                  43      0.539216994891950E-00017
                  44      0.532437614041096E-00017
                  45      0.526411286966934E-00017
                  46      0.521349477808988E-00017
                  47      0.517380745249023E-00017
                  48      0.514567926854965E-00017
                  49      0.512918031826009E-00017
                  50      0.512390413617718E-00017
