                   1      0.512357767365161E-00017
                   2      0.512869264044336E-00017
                   3      0.514285610781616E-00017
                   4      0.516414092380696E-00017
                   5      0.519038876152155E-00017
                   6      0.521926464793273E-00017
                   7      0.524835611847689E-00017
                   8      0.527529838795355E-00017
                   9      0.529791922001537E-00017
                  10      0.531439274553922E-00017
                  11      0.532339582552287E-00017
                  12      0.532433716443085E-00017
                  13      0.531722364105904E-00017
                  14      0.530242106968738E-00017
                  15      0.528111002581965E-00017
                  16      0.525501551841109E-00017
                  17      0.522624737835281E-00017
                  18      0.519714532971838E-00017
                  19      0.517012880615979E-00017
                  20      0.514756324272782E-00017
                  21      0.513165201939767E-00017
                  22      0.512436490769159E-00017
                  23      0.512774227933654E-00017
                  24      0.514188485913337E-00017
                  25      0.514151948049473E-00017
                  26      0.515059299681614E-00017
                  27      0.516925690918111E-00017
                  28      0.519669073524224E-00017
                  29      0.523164855492441E-00017
                  30      0.527252630721491E-00017
                  31      0.531746383157566E-00017
                  32      0.536445767038420E-00017
                  33      0.541146829758336E-00017
                  34      0.545651866882052E-00017
                  35      0.549778616711762E-00017
                  36      0.553368852602733E-00017
                  37      0.556296024753824E-00017
                  38      0.558470395643584E-00017
                  39      0.559827121501681E-00017
                  40      0.559961404439943E-00017
                  41      0.553553180446099E-00017
                  42      0.546627924054636E-00017
                  43      0.539637556642409E-00017
                  44      0.532969316482152E-00017
                  45      0.526958685792823E-00017
                  46      0.521858100121767E-00017
                  47      0.517831802234518E-00017
                  48      0.514964619314565E-00017
                  49      0.513274870973583E-00017
                  50      0.512728541975304E-00017
