                   1      0.512390413748245E-00017
                   2      0.513656298828553E-00017
                   3      0.516448556220654E-00017
                   4      0.520193287620673E-00017
                   5      0.524255379112602E-00017
                   6      0.527984932976933E-00017
                   7      0.530793114095954E-00017
                   8      0.532233300959893E-00017
                   9      0.532320239038160E-00017
                  10      0.531118358973954E-00017
                  11      0.528505146236934E-00017
                  12      0.524892163147104E-00017
                  13      0.520852500898853E-00017
                  14      0.517033910093975E-00017
                  15      0.514101700185806E-00017
                  16      0.512688676938464E-00017
                  17      0.514148109020466E-00017
                  18      0.517846501038627E-00017
                  19      0.523365736510292E-00017
                  20      0.530250012695904E-00017
                  21      0.537912735900739E-00017
                  22      0.545707668027373E-00017
                  23      0.552995280619761E-00017
                  24      0.559207022700241E-00017
                  25      0.563899221973522E-00017
                  26      0.566744213886907E-00017
                  27      0.566955372393938E-00017
                  28      0.560328898297858E-00017
                  29      0.550655950665104E-00017
                  30      0.540295691279165E-00017
                  31      0.530783301903970E-00017
                  32      0.522953578959473E-00017
                  33      0.517246669367049E-00017
                  34      0.513827907501411E-00017
                  35      0.512775281186785E-00017
                  36      0.514294246120181E-00017
                  37      0.517254306532212E-00017
                  38      0.521081313145332E-00017
                  39      0.525131375231816E-00017
                  40      0.528754217685029E-00017
                  41      0.531371706068004E-00017
                  42      0.532569171372008E-00017
                  43      0.532469340889135E-00017
                  44      0.530996590974477E-00017
                  45      0.528154934909656E-00017
                  46      0.524390178769413E-00017
                  47      0.520287499268303E-00017
                  48      0.516494449926020E-00017
                  49      0.513660556325323E-00017
                  50      0.512390413923242E-00017
