                   1      0.512357767538253E-00017
                   2      0.512456959878555E-00017
                   3      0.512742596282725E-00017
                   4      0.513200115208379E-00017
                   5      0.513815907212725E-00017
                   6      0.514575035963575E-00017
                   7      0.515461314221434E-00017
                   8      0.516457540023354E-00017
                   9      0.517545757720384E-00017
                  10      0.518707417341694E-00017
                  11      0.519923494271745E-00017
                  12      0.521174626040664E-00017
                  13      0.522441270565438E-00017
                  14      0.523703890570524E-00017
                  15      0.524943159849784E-00017
                  16      0.526140184110505E-00017
                  17      0.527276732273565E-00017
                  18      0.528335475149818E-00017
                  19      0.529300227631939E-00017
                  20      0.530156189070693E-00017
                  21      0.530890175232906E-00017
                  22      0.531490835013558E-00017
                  23      0.531948845822847E-00017
                  24      0.532257078633465E-00017
                  25      0.532410742514021E-00017
                  26      0.532413818619841E-00017
                  27      0.532266940556227E-00017
                  28      0.531965569955554E-00017
                  29      0.531514437174427E-00017
                  30      0.530920646826862E-00017
                  31      0.530193509527871E-00017
                  32      0.529344371050847E-00017
                  33      0.528386412352781E-00017
                  34      0.527334430707788E-00017
                  35      0.526204607602449E-00017
                  36      0.525014269091301E-00017
                  37      0.523781644170831E-00017
                  38      0.522525626342023E-00017
                  39      0.521265542613081E-00017
                  40      0.520020933887566E-00017
                  41      0.518811350696563E-00017
                  42      0.517656168741509E-00017
                  43      0.516574423966347E-00017
                  44      0.515584661184942E-00017
                  45      0.514704792500841E-00017
                  46      0.513951925408205E-00017
                  47      0.513342131383448E-00017
                  48      0.512890265694483E-00017
                  49      0.512609899807886E-00017
                  50      0.512515252684673E-00017
