                   1      0.512390413671921E-00017
                   2      0.512928757768973E-00017
                   3      0.513507104806578E-00017
                   4      0.514218943787514E-00017
                   5      0.515060778913635E-00017
                   6      0.516018376103051E-00017
                   7      0.517075003029250E-00017
                   8      0.518213027474423E-00017
                   9      0.519414189066300E-00017
                  10      0.520659635498459E-00017
                  11      0.521930058073883E-00017
                  12      0.523205927489028E-00017
                  13      0.524467749546523E-00017
                  14      0.525696315465008E-00017
                  15      0.526872954503289E-00017
                  16      0.527979789444132E-00017
                  17      0.528999988402240E-00017
                  18      0.529918006515445E-00017
                  19      0.530719815959593E-00017
                  20      0.531393124584612E-00017
                  21      0.531927590866730E-00017
                  22      0.532315049893897E-00017
                  23      0.532549964125822E-00017
                  24      0.532634864013534E-00017
                  25      0.532638879139394E-00017
                  26      0.532638868110658E-00017
                  27      0.532636262677681E-00017
                  28      0.532564255355431E-00017
                  29      0.532345513673097E-00017
                  30      0.531974752167001E-00017
                  31      0.531457134291725E-00017
                  32      0.530800644700140E-00017
                  33      0.530015508169009E-00017
                  34      0.529113946551611E-00017
                  35      0.528109949004636E-00017
                  36      0.527019032147478E-00017
                  37      0.525857994258384E-00017
                  38      0.524644668545749E-00017
                  39      0.523397677668616E-00017
                  40      0.522136189859161E-00017
                  41      0.520879677095202E-00017
                  42      0.519647673226340E-00017
                  43      0.518459527736097E-00017
                  44      0.517334182989977E-00017
                  45      0.516290049257064E-00017
                  46      0.515344966894583E-00017
                  47      0.514515962495193E-00017
                  48      0.513817902241430E-00017
                  49      0.513256749390457E-00017
                  50      0.512728542387566E-00017
