                   1      0.512728542235420E-00017
                   2      0.516204798448642E-00017
                   3      0.518800094181451E-00017
                   4      0.521666829920374E-00017
                   5      0.524555753037464E-00017
                   6      0.527262996671632E-00017
                   7      0.529572402146411E-00017
                   8      0.531296863300025E-00017
                   9      0.532298203454100E-00017
                  10      0.532554884851982E-00017
                  11      0.532555538042528E-00017
                  12      0.532555558778962E-00017
                  13      0.532555671058941E-00017
                  14      0.532399928270130E-00017
                  15      0.531549232972511E-00017
                  16      0.529954354204761E-00017
                  17      0.527735067129164E-00017
                  18      0.525067499237438E-00017
                  19      0.522162570371692E-00017
                  20      0.519257449231303E-00017
                  21      0.516594683815536E-00017
                  22      0.514011955097155E-00017
                  23      0.515447790993269E-00017
                  24      0.517643503935181E-00017
                  25      0.517996301784544E-00017
                  26      0.518514033241654E-00017
                  27      0.520190231367597E-00017
                  28      0.522508572597053E-00017
                  29      0.525248365236432E-00017
                  30      0.528228687660193E-00017
                  31      0.531295088572572E-00017
                  32      0.534309727268043E-00017
                  33      0.537156055204504E-00017
                  34      0.539743948298490E-00017
                  35      0.542010986035377E-00017
                  36      0.543919011309954E-00017
                  37      0.545447683765831E-00017
                  38      0.546588110901404E-00017
                  39      0.547339146025435E-00017
                  40      0.547707107829567E-00017
                  41      0.547707929667831E-00017
                  42      0.546939166264513E-00017
                  43      0.546983655004283E-00017
                  44      0.544035653858736E-00017
                  45      0.537961001155132E-00017
                  46      0.531583311470923E-00017
                  47      0.525720138293027E-00017
                  48      0.520733689287970E-00017
                  49      0.516823121769216E-00017
                  50      0.512515252197252E-00017
