                   1      0.512357767584656E-00017
                   2      0.513431930360116E-00017
                   3      0.516003673353357E-00017
                   4      0.519536921819417E-00017
                   5      0.523456415197688E-00017
                   6      0.527176712474844E-00017
                   7      0.530160550452528E-00017
                   8      0.531984928626570E-00017
                   9      0.532463809105049E-00017
                  10      0.531687802085143E-00017
                  11      0.529579006352709E-00017
                  12      0.526400657191706E-00017
                  13      0.522612225349997E-00017
                  14      0.518773161674782E-00017
                  15      0.515486644289724E-00017
                  16      0.513371611518564E-00017
                  17      0.513002636305429E-00017
                  18      0.514769881922770E-00017
                  19      0.518261772171170E-00017
                  20      0.522471656151166E-00017
                  21      0.526148834647542E-00017
                  22      0.528997725959332E-00017
                  23      0.531485376810879E-00017
                  24      0.533742538214131E-00017
                  25      0.535649757266369E-00017
                  26      0.537075944870644E-00017
                  27      0.537943126867662E-00017
                  28      0.538126386370546E-00017
                  29      0.535035636589489E-00017
                  30      0.529557144132494E-00017
                  31      0.523433814542989E-00017
                  32      0.518102276246114E-00017
                  33      0.514394115696966E-00017
                  34      0.512716000595432E-00017
                  35      0.513218078851759E-00017
                  36      0.515422111623331E-00017
                  37      0.518750868581974E-00017
                  38      0.522616918174244E-00017
                  39      0.526424113566672E-00017
                  40      0.529613736586038E-00017
                  41      0.531728288533348E-00017
                  42      0.532510789934218E-00017
                  43      0.532036565901632E-00017
                  44      0.530221173143466E-00017
                  45      0.527247071506802E-00017
                  46      0.523526592689560E-00017
                  47      0.519592282624109E-00017
                  48      0.516033497351162E-00017
                  49      0.513438283871080E-00017
                  50      0.512357767536272E-00017
