                   1      0.512515252177730E-00017
                   2      0.512701458850025E-00017
                   3      0.513064413037726E-00017
                   4      0.513590529075943E-00017
                   5      0.514266953788344E-00017
                   6      0.515078492032409E-00017
                   7      0.516008641387297E-00017
                   8      0.517040031496462E-00017
                   9      0.518154585836997E-00017
                  10      0.519333646080844E-00017
                  11      0.520558111799379E-00017
                  12      0.521808593952156E-00017
                  13      0.523065601178375E-00017
                  14      0.524309745187559E-00017
                  15      0.525521958065297E-00017
                  16      0.526683719044975E-00017
                  17      0.527777288358954E-00017
                  18      0.528785945189094E-00017
                  19      0.529694225659045E-00017
                  20      0.530488155303183E-00017
                  21      0.531155468574162E-00017
                  22      0.531685803490352E-00017
                  23      0.532070844931183E-00017
                  24      0.532304383305230E-00017
                  25      0.532386171758321E-00017
                  26      0.532385128908670E-00017
                  27      0.532290214675967E-00017
                  28      0.532043653218667E-00017
                  29      0.531646339419145E-00017
                  30      0.531104324081323E-00017
                  31      0.530425944727134E-00017
                  32      0.529621625214455E-00017
                  33      0.528703698781217E-00017
                  34      0.527686200004532E-00017
                  35      0.526584637698383E-00017
                  36      0.525415758819310E-00017
                  37      0.524197310185175E-00017
                  38      0.522947802418146E-00017
                  39      0.521686278883846E-00017
                  40      0.520432091851081E-00017
                  41      0.519204688314259E-00017
                  42      0.518023408201257E-00017
                  43      0.516907301552896E-00017
                  44      0.515874976851406E-00017
                  45      0.514944462863424E-00017
                  46      0.514133069209943E-00017
                  47      0.513457188972142E-00017
                  48      0.512931801088440E-00017
                  49      0.512569213853198E-00017
                  50      0.512390413519020E-00017
