                   1      0.512357767396324E-00017
                   2      0.512456186222879E-00017
                   3      0.512741614849214E-00017
                   4      0.513199474505649E-00017
                   5      0.513816140813069E-00017
                   6      0.514576578289556E-00017
                   7      0.515464535704068E-00017
                   8      0.516462813968460E-00017
                   9      0.517553399016424E-00017
                  10      0.518717654054936E-00017
                  11      0.519936476716403E-00017
                  12      0.521190433945019E-00017
                  13      0.522459913543845E-00017
                  14      0.523725305504305E-00017
                  15      0.524967210839057E-00017
                  16      0.526166669578145E-00017
                  17      0.527305398935316E-00017
                  18      0.528366034042807E-00017
                  19      0.529332365671007E-00017
                  20      0.530189571870332E-00017
                  21      0.530924442622506E-00017
                  22      0.531525595591081E-00017
                  23      0.531983671336606E-00017
                  24      0.532291476732522E-00017
                  25      0.532444091519376E-00017
                  26      0.532445824665383E-00017
                  27      0.532296756115381E-00017
                  28      0.531992552685816E-00017
                  29      0.531537928587410E-00017
                  30      0.530940003181905E-00017
                  31      0.530208071187026E-00017
                  32      0.529353468423838E-00017
                  33      0.528389389042661E-00017
                  34      0.527330664734419E-00017
                  35      0.526193528175185E-00017
                  36      0.524995371388296E-00017
                  37      0.523754503462289E-00017
                  38      0.522489910426597E-00017
                  39      0.521221020517384E-00017
                  40      0.519967479580670E-00017
                  41      0.518748943490753E-00017
                  42      0.517584894591795E-00017
                  43      0.516494483682320E-00017
                  44      0.515496385334055E-00017
                  45      0.514608632871488E-00017
                  46      0.513848423834182E-00017
                  47      0.513231975535357E-00017
                  48      0.512774277697255E-00017
                  49      0.512488943887754E-00017
                  50      0.512390413733028E-00017
