                   1      0.512390413706502E-00017
                   2      0.516593599924727E-00017
                   3      0.519339666055273E-00017
                   4      0.522258372845659E-00017
                   5      0.525140691711797E-00017
                   6      0.527768371527397E-00017
                   7      0.529937680806025E-00017
                   8      0.531475314947741E-00017
                   9      0.532264313787682E-00017
                  10      0.532390180004403E-00017
                  11      0.532390348653658E-00017
                  12      0.532390361926771E-00017
                  13      0.532390378940021E-00017
                  14      0.532342984319886E-00017
                  15      0.531761537261501E-00017
                  16      0.530427218451934E-00017
                  17      0.528426240441995E-00017
                  18      0.525916318218138E-00017
                  19      0.523094607707644E-00017
                  20      0.520166480681072E-00017
                  21      0.517304399963820E-00017
                  22      0.514293447930577E-00017
                  23      0.516622387990322E-00017
                  24      0.520645722960728E-00017
                  25      0.524659731225411E-00017
                  26      0.525177714731789E-00017
                  27      0.525256657037020E-00017
                  28      0.526143870104379E-00017
                  29      0.527169513019885E-00017
                  30      0.528429557364543E-00017
                  31      0.529802173442091E-00017
                  32      0.531183876083732E-00017
                  33      0.532490427844072E-00017
                  34      0.533658842648894E-00017
                  35      0.534647537213005E-00017
                  36      0.535433111850047E-00017
                  37      0.536004906552389E-00017
                  38      0.536360391362532E-00017
                  39      0.536503773361545E-00017
                  40      0.536448100492330E-00017
                  41      0.536217456281472E-00017
                  42      0.535850235368449E-00017
                  43      0.535400252832360E-00017
                  44      0.535101006760506E-00017
                  45      0.534129602854802E-00017
                  46      0.531270168933307E-00017
                  47      0.526772421982187E-00017
                  48      0.521966875798732E-00017
                  49      0.517768171372650E-00017
                  50      0.512357767593274E-00017
