                   1      0.512515252172536E-00017
                   2      0.516806470852052E-00017
                   3      0.519514975874838E-00017
                   4      0.522394687416204E-00017
                   5      0.525237751891907E-00017
                   6      0.527827610401804E-00017
                   7      0.529963640500269E-00017
                   8      0.531480366425340E-00017
                   9      0.532267462906833E-00017
                  10      0.532389544975006E-00017
                  11      0.532389549903001E-00017
                  12      0.532389553644154E-00017
                  13      0.532389555258041E-00017
                  14      0.532370083413848E-00017
                  15      0.531865507650305E-00017
                  16      0.530610814064546E-00017
                  17      0.528688182408732E-00017
                  18      0.526244435403585E-00017
                  19      0.523466792771522E-00017
                  20      0.520565663795137E-00017
                  21      0.517761465387580E-00017
                  22      0.514921814465309E-00017
                  23      0.515469113258103E-00017
                  24      0.516201296006324E-00017
                  25      0.516269954960455E-00017
                  26      0.518118171725434E-00017
                  27      0.521014446575305E-00017
                  28      0.524359570761172E-00017
                  29      0.528002568779209E-00017
                  30      0.531789246074153E-00017
                  31      0.535560430175420E-00017
                  32      0.539171229595819E-00017
                  33      0.542501922791059E-00017
                  34      0.545464700816576E-00017
                  35      0.548004762673255E-00017
                  36      0.550095702316645E-00017
                  37      0.551731074684321E-00017
                  38      0.552915558548403E-00017
                  39      0.553660191477602E-00017
                  40      0.553970655377903E-00017
                  41      0.553250936079553E-00017
                  42      0.553156936414096E-00017
                  43      0.551023435274481E-00017
                  44      0.546169949275499E-00017
                  45      0.540024243458304E-00017
                  46      0.533558361613006E-00017
                  47      0.527474367766290E-00017
                  48      0.522185451607514E-00017
                  49      0.517874638224391E-00017
                  50      0.512357767584874E-00017
