                   1      0.512390413671949E-00017
                   2      0.516167992211609E-00017
                   3      0.518856058957173E-00017
                   4      0.521769788286456E-00017
                   5      0.524661205557170E-00017
                   6      0.527341113102722E-00017
                   7      0.529604720845646E-00017
                   8      0.531274879522042E-00017
                   9      0.532225255722767E-00017
                  10      0.532462227363438E-00017
                  11      0.532463802680537E-00017
                  12      0.532463820720440E-00017
                  13      0.532463839763762E-00017
                  14      0.532409530338188E-00017
                  15      0.531816494743847E-00017
                  16      0.530482011525724E-00017
                  17      0.528489115261349E-00017
                  18      0.525990592887672E-00017
                  19      0.523179805691442E-00017
                  20      0.520301053974726E-00017
                  21      0.517535468658825E-00017
                  22      0.514707951827000E-00017
                  23      0.514960390494127E-00017
                  24      0.518448996601163E-00017
                  25      0.520766417302343E-00017
                  26      0.521579901891307E-00017
                  27      0.521927419064618E-00017
                  28      0.523364662278596E-00017
                  29      0.525197898999044E-00017
                  30      0.527292007426982E-00017
                  31      0.529495180302003E-00017
                  32      0.531682996070029E-00017
                  33      0.533756283026798E-00017
                  34      0.535642380811922E-00017
                  35      0.537294179067986E-00017
                  36      0.538685246373985E-00017
                  37      0.539802815746531E-00017
                  38      0.540641917057167E-00017
                  39      0.541202943105290E-00017
                  40      0.541492705334139E-00017
                  41      0.541527520310102E-00017
                  42      0.541333601485236E-00017
                  43      0.540860497131020E-00017
                  44      0.539914606177711E-00017
                  45      0.536753142687510E-00017
                  46      0.531761965260685E-00017
                  47      0.526325310381413E-00017
                  48      0.521352419996280E-00017
                  49      0.517295905057365E-00017
                  50      0.512515251337101E-00017
