                   1      0.512515252176281E-00017
                   2      0.513622376307504E-00017
                   3      0.514378170854537E-00017
                   4      0.515240531168588E-00017
                   5      0.516210126982079E-00017
                   6      0.517270548895630E-00017
                   7      0.518407393304235E-00017
                   8      0.519603007154986E-00017
                   9      0.520838952307973E-00017
                  10      0.522096310596103E-00017
                  11      0.523355862153082E-00017
                  12      0.524598355752809E-00017
                  13      0.525804803736887E-00017
                  14      0.526956761787952E-00017
                  15      0.528036587250783E-00017
                  16      0.529027684352270E-00017
                  17      0.529914746248437E-00017
                  18      0.530683998282198E-00017
                  19      0.531323434934959E-00017
                  20      0.531823034028772E-00017
                  21      0.532174956010955E-00017
                  22      0.532374058504364E-00017
                  23      0.532427959362762E-00017
                  24      0.532428625747433E-00017
                  25      0.532428634167457E-00017
                  26      0.532428641865315E-00017
                  27      0.532428649332119E-00017
                  28      0.532427569360077E-00017
                  29      0.532361566531644E-00017
                  30      0.532151510373765E-00017
                  31      0.531790461329760E-00017
                  32      0.531282562090027E-00017
                  33      0.530635217741259E-00017
                  34      0.529858259059808E-00017
                  35      0.528963621206095E-00017
                  36      0.527965077087298E-00017
                  37      0.526877969886413E-00017
                  38      0.525718942722568E-00017
                  39      0.524505672588910E-00017
                  40      0.523256611770981E-00017
                  41      0.521990728480260E-00017
                  42      0.520727231563722E-00017
                  43      0.519485277707651E-00017
                  44      0.518283695144838E-00017
                  45      0.517140773020238E-00017
                  46      0.516073726734015E-00017
                  47      0.515096681803586E-00017
                  48      0.514224120044298E-00017
                  49      0.513449664948554E-00017
                  50      0.512357767266458E-00017
