                   1      0.512728542209455E-00017
                   2      0.514575437264092E-00017
                   3      0.515510644992264E-00017
                   4      0.516525122538907E-00017
                   5      0.517625257307433E-00017
                   6      0.518795877969185E-00017
                   7      0.520017318059606E-00017
                   8      0.521276164069669E-00017
                   9      0.522553388773392E-00017
                  10      0.523829316257656E-00017
                  11      0.525084137426071E-00017
                  12      0.526298264351443E-00017
                  13      0.527452665757808E-00017
                  14      0.528529174300794E-00017
                  15      0.529510766178781E-00017
                  16      0.530381822680934E-00017
                  17      0.531128381638287E-00017
                  18      0.531738390325645E-00017
                  19      0.532202018366139E-00017
                  20      0.532512238381559E-00017
                  21      0.532667016906590E-00017
                  22      0.532693829135660E-00017
                  23      0.532693815070275E-00017
                  24      0.532693831069045E-00017
                  25      0.532693835672798E-00017
                  26      0.532693831281508E-00017
                  27      0.532693804759320E-00017
                  28      0.532693722463375E-00017
                  29      0.532693327817657E-00017
                  30      0.532657311724115E-00017
                  31      0.532486576875706E-00017
                  32      0.532160789806053E-00017
                  33      0.531682580057904E-00017
                  34      0.531058825873051E-00017
                  35      0.530299164022619E-00017
                  36      0.529415501122709E-00017
                  37      0.528421698239828E-00017
                  38      0.527333292855927E-00017
                  39      0.526167255087025E-00017
                  40      0.524941723311481E-00017
                  41      0.523675745330737E-00017
                  42      0.522388993880657E-00017
                  43      0.521101441277812E-00017
                  44      0.519832990793380E-00017
                  45      0.518602818772930E-00017
                  46      0.517425123834448E-00017
                  47      0.516319412124071E-00017
                  48      0.515301074276533E-00017
                  49      0.514364541368614E-00017
                  50      0.512515251860461E-00017
