                   1      0.512728542252675E-00017
                   2      0.518213665506391E-00017
                   3      0.522154770501985E-00017
                   4      0.526025370788480E-00017
                   5      0.529281473024867E-00017
                   6      0.531489592682649E-00017
                   7      0.532484257549585E-00017
                   8      0.532664539278429E-00017
                   9      0.532673032878920E-00017
                  10      0.532654680824242E-00017
                  11      0.532295538173007E-00017
                  12      0.530897490696203E-00017
                  13      0.528237173357653E-00017
                  14      0.524404579760599E-00017
                  15      0.519409044301285E-00017
                  16      0.515334134359495E-00017
                  17      0.522779644780694E-00017
                  18      0.529322849791272E-00017
                  19      0.536447438957345E-00017
                  20      0.543672141248460E-00017
                  21      0.550428619532678E-00017
                  22      0.556212876785086E-00017
                  23      0.560678790997468E-00017
                  24      0.563663378310702E-00017
                  25      0.565062424309925E-00017
                  26      0.565351898742193E-00017
                  27      0.565687371619716E-00017
                  28      0.561497771839947E-00017
                  29      0.555115568195250E-00017
                  30      0.546972981098738E-00017
                  31      0.537928672817968E-00017
                  32      0.528980514397866E-00017
                  33      0.520792424109494E-00017
                  34      0.513353070593082E-00017
                  35      0.515553156406022E-00017
                  36      0.520375921928603E-00017
                  37      0.524663645337471E-00017
                  38      0.528256985503278E-00017
                  39      0.530843494797728E-00017
                  40      0.532210422892546E-00017
                  41      0.532577193812082E-00017
                  42      0.532607367834586E-00017
                  43      0.532597495226544E-00017
                  44      0.532365937067661E-00017
                  45      0.531292959173478E-00017
                  46      0.529048904505937E-00017
                  47      0.525802740837724E-00017
                  48      0.521977627877087E-00017
                  49      0.518109474725475E-00017
                  50      0.512728542275807E-00017
