                   1      0.512515252160172E-00017
                   2      0.518183999707238E-00017
                   3      0.522133666700533E-00017
                   4      0.525985211828846E-00017
                   5      0.529196759675723E-00017
                   6      0.531341162891666E-00017
                   7      0.532272926867737E-00017
                   8      0.532424878019875E-00017
                   9      0.532428753230943E-00017
                  10      0.532406870343796E-00017
                  11      0.532051049425105E-00017
                  12      0.530665430229552E-00017
                  13      0.528021109553191E-00017
                  14      0.524257427204310E-00017
                  15      0.519542314170193E-00017
                  16      0.514311800197201E-00017
                  17      0.521915015957258E-00017
                  18      0.528343110107368E-00017
                  19      0.535416844299466E-00017
                  20      0.542653617700362E-00017
                  21      0.549479323681769E-00017
                  22      0.555380522990443E-00017
                  23      0.560000562359710E-00017
                  24      0.563167470929542E-00017
                  25      0.564837643696188E-00017
                  26      0.565506691166279E-00017
                  27      0.565510447875556E-00017
                  28      0.561650002250791E-00017
                  29      0.555694420908802E-00017
                  30      0.547833521027723E-00017
                  31      0.538880887073484E-00017
                  32      0.529894330281576E-00017
                  33      0.521547154761448E-00017
                  34      0.513856359706681E-00017
                  35      0.515271630387289E-00017
                  36      0.520094493783460E-00017
                  37      0.524416329810258E-00017
                  38      0.528053652003841E-00017
                  39      0.530678805562436E-00017
                  40      0.532074261401164E-00017
                  41      0.532444634505146E-00017
                  42      0.532471313644569E-00017
                  43      0.532463078110570E-00017
                  44      0.532255752529373E-00017
                  45      0.531210026579897E-00017
                  46      0.528958863972489E-00017
                  47      0.525675359473312E-00017
                  48      0.521799080347832E-00017
                  49      0.517880415137995E-00017
                  50      0.512515252962102E-00017
