                   1      0.512728542285280E-00017
                   2      0.512848972337874E-00017
                   3      0.513156205627191E-00017
                   4      0.513634551131759E-00017
                   5      0.514269895048000E-00017
                   6      0.515046751535299E-00017
                   7      0.515948491148261E-00017
                   8      0.516957716912628E-00017
                   9      0.518056327654421E-00017
                  10      0.519225535134722E-00017
                  11      0.520445957339290E-00017
                  12      0.521697816135404E-00017
                  13      0.522961178541874E-00017
                  14      0.524216191114223E-00017
                  15      0.525443299366224E-00017
                  16      0.526623470570301E-00017
                  17      0.527738425855227E-00017
                  18      0.528770873740689E-00017
                  19      0.529704743997177E-00017
                  20      0.530525426792474E-00017
                  21      0.531220011152395E-00017
                  22      0.531777509476416E-00017
                  23      0.532189056963638E-00017
                  24      0.532447984253816E-00017
                  25      0.532549385200977E-00017
                  26      0.532544541686851E-00017
                  27      0.532416479960224E-00017
                  28      0.532132082457357E-00017
                  29      0.531695539196962E-00017
                  30      0.531113537033609E-00017
                  31      0.530395066751875E-00017
                  32      0.529551237656905E-00017
                  33      0.528595060034187E-00017
                  34      0.527541223537383E-00017
                  35      0.526405872953055E-00017
                  36      0.525206378257833E-00017
                  37      0.523961097691980E-00017
                  38      0.522689138292993E-00017
                  39      0.521410120659871E-00017
                  40      0.520143948953540E-00017
                  41      0.518910578361116E-00017
                  42      0.517729773236409E-00017
                  43      0.516620873793337E-00017
                  44      0.515602620790080E-00017
                  45      0.514693096752026E-00017
                  46      0.513909743918470E-00017
                  47      0.513269290807079E-00017
                  48      0.512787311437195E-00017
                  49      0.512477851678261E-00017
                  50      0.512357767662728E-00017
