                   1      0.512357767564336E-00017
                   2      0.515637913615044E-00017
                   3      0.518045796008611E-00017
                   4      0.520723720532370E-00017
                   5      0.523481063287965E-00017
                   6      0.526127122864069E-00017
                   7      0.528478495038344E-00017
                   8      0.530374798529274E-00017
                   9      0.531696536599199E-00017
                  10      0.532386766582886E-00017
                  11      0.532555439474338E-00017
                  12      0.532563344814443E-00017
                  13      0.532563511527189E-00017
                  14      0.532559354655704E-00017
                  15      0.532407836794871E-00017
                  16      0.531717973983055E-00017
                  17      0.530351239382871E-00017
                  18      0.528371113216850E-00017
                  19      0.525858866116449E-00017
                  20      0.523142040416408E-00017
                  21      0.518714974453196E-00017
                  22      0.526305365266027E-00017
                  23      0.531611362953867E-00017
                  24      0.537622372889134E-00017
                  25      0.544089611846331E-00017
                  26      0.550700656334584E-00017
                  27      0.557184669976162E-00017
                  28      0.563325411968127E-00017
                  29      0.568910970457946E-00017
                  30      0.573748760274828E-00017
                  31      0.577693215306752E-00017
                  32      0.580661887024076E-00017
                  33      0.582657719555967E-00017
                  34      0.583797933277037E-00017
                  35      0.584122729592562E-00017
                  36      0.584122729571758E-00017
                  37      0.582732704608267E-00017
                  38      0.580178964192093E-00017
                  39      0.576265385211388E-00017
                  40      0.571037300665041E-00017
                  41      0.564774448286466E-00017
                  42      0.557857684513344E-00017
                  43      0.550666698171728E-00017
                  44      0.543534084068056E-00017
                  45      0.536737075143497E-00017
                  46      0.530502913923331E-00017
                  47      0.525008182143820E-00017
                  48      0.520387526911781E-00017
                  49      0.516738151808976E-00017
                  50      0.512515251914842E-00017
