                   1      0.512357767609799E-00017
                   2      0.515875846413102E-00017
                   3      0.518511335964274E-00017
                   4      0.521394769467006E-00017
                   5      0.524296930226895E-00017
                   6      0.527013023179023E-00017
                   7      0.529334847901145E-00017
                   8      0.531081566830207E-00017
                   9      0.532117821912231E-00017
                  10      0.532424315332961E-00017
                  11      0.532433929082686E-00017
                  12      0.532434048578090E-00017
                  13      0.532434487371561E-00017
                  14      0.532353963759389E-00017
                  15      0.531722011095678E-00017
                  16      0.530348433006612E-00017
                  17      0.528322216087415E-00017
                  18      0.525802876418479E-00017
                  19      0.522989152113774E-00017
                  20      0.520110200137058E-00017
                  21      0.517400395964034E-00017
                  22      0.514730372355942E-00017
                  23      0.514872942709460E-00017
                  24      0.518242365881083E-00017
                  25      0.520665804745993E-00017
                  26      0.521562289490695E-00017
                  27      0.521970389056067E-00017
                  28      0.523347801112116E-00017
                  29      0.525114569076594E-00017
                  30      0.527158862280036E-00017
                  31      0.529329702015478E-00017
                  32      0.531501675778196E-00017
                  33      0.533573763394274E-00017
                  34      0.535470490686137E-00017
                  35      0.537141148028881E-00017
                  36      0.538555418767352E-00017
                  37      0.539697011125975E-00017
                  38      0.540558327301735E-00017
                  39      0.541138273563284E-00017
                  40      0.541443244899649E-00017
                  41      0.541489879920935E-00017
                  42      0.541308789066520E-00017
                  43      0.540790808626558E-00017
                  44      0.539577014707443E-00017
                  45      0.536172827674448E-00017
                  46      0.531113443752373E-00017
                  47      0.525707485917695E-00017
                  48      0.520827308302968E-00017
                  49      0.516878585527808E-00017
                  50      0.512390413740401E-00017
