                   1      0.512515252183517E-00017
                   2      0.513056000776972E-00017
                   3      0.514383125695480E-00017
                   4      0.516332795657006E-00017
                   5      0.518727625281745E-00017
                   6      0.521376996824535E-00017
                   7      0.524088763771333E-00017
                   8      0.526667408268607E-00017
                   9      0.528928420400216E-00017
                  10      0.530710214918664E-00017
                  11      0.531885416182740E-00017
                  12      0.532373706651625E-00017
                  13      0.532311740624234E-00017
                  14      0.531633337334878E-00017
                  15      0.530283873151410E-00017
                  16      0.528356816447932E-00017
                  17      0.525989303472936E-00017
                  18      0.523351386227773E-00017
                  19      0.520655369387898E-00017
                  20      0.518117391263398E-00017
                  21      0.515952082635606E-00017
                  22      0.514439284409648E-00017
                  23      0.514034860428896E-00017
                  24      0.514466364750847E-00017
                  25      0.515736659228072E-00017
                  26      0.518154656757883E-00017
                  27      0.521282214836365E-00017
                  28      0.524892670250804E-00017
                  29      0.528900926200606E-00017
                  30      0.533186836240914E-00017
                  31      0.537590530085634E-00017
                  32      0.541946572040636E-00017
                  33      0.546095817452001E-00017
                  34      0.549893123576190E-00017
                  35      0.553213447985250E-00017
                  36      0.555957388733577E-00017
                  37      0.558055621836109E-00017
                  38      0.559461780777315E-00017
                  39      0.559655016319900E-00017
                  40      0.555962657837287E-00017
                  41      0.550404257443199E-00017
                  42      0.543994865745273E-00017
                  43      0.537475988411444E-00017
                  44      0.531316334980946E-00017
                  45      0.525823126645319E-00017
                  46      0.521191987586700E-00017
                  47      0.517531296882849E-00017
                  48      0.514899809535803E-00017
                  49      0.513306277126143E-00017
                  50      0.512728542483366E-00017
