                   1      0.512390413718135E-00017
                   2      0.517313377636723E-00017
                   3      0.520111587271730E-00017
                   4      0.523007636692872E-00017
                   5      0.525772572990916E-00017
                   6      0.528223926983550E-00017
                   7      0.530198113853030E-00017
                   8      0.531565214231082E-00017
                   9      0.532259399726401E-00017
                  10      0.532390051785535E-00017
                  11      0.532390772936703E-00017
                  12      0.532390797664613E-00017
                  13      0.532390798047304E-00017
                  14      0.532390809900735E-00017
                  15      0.532296530586245E-00017
                  16      0.531680643284161E-00017
                  17      0.530399744971525E-00017
                  18      0.528508940690671E-00017
                  19      0.526127883337884E-00017
                  20      0.523384509622315E-00017
                  21      0.520328763220394E-00017
                  22      0.516888364864556E-00017
                  23      0.512766702511190E-00017
                  24      0.517008128749087E-00017
                  25      0.519498062938132E-00017
                  26      0.520902491870696E-00017
                  27      0.522221734184753E-00017
                  28      0.524657030164652E-00017
                  29      0.527534819367636E-00017
                  30      0.530505338862187E-00017
                  31      0.533422482598664E-00017
                  32      0.536181845815803E-00017
                  33      0.538707310008866E-00017
                  34      0.540949757448430E-00017
                  35      0.542883160806282E-00017
                  36      0.544497581696348E-00017
                  37      0.545792087421552E-00017
                  38      0.546768737565377E-00017
                  39      0.547431431014495E-00017
                  40      0.547793990416144E-00017
                  41      0.547901091609206E-00017
                  42      0.547901079652210E-00017
                  43      0.547900838629222E-00017
                  44      0.544504765243360E-00017
                  45      0.540074013276485E-00017
                  46      0.534784468372389E-00017
                  47      0.529220543202486E-00017
                  48      0.523959460898683E-00017
                  49      0.519427713518621E-00017
                  50      0.512728541718958E-00017
