                   1      0.512357767546626E-00017
                   2      0.512462896468466E-00017
                   3      0.512753755484877E-00017
                   4      0.513216140138541E-00017
                   5      0.513836394381182E-00017
                   6      0.514599655621380E-00017
                   7      0.515489886530763E-00017
                   8      0.516490006804452E-00017
                   9      0.517582097677231E-00017
                  10      0.518747591367652E-00017
                  11      0.519967440195833E-00017
                  12      0.521222282488733E-00017
                  13      0.522492608354514E-00017
                  14      0.523758936863093E-00017
                  15      0.525002011925106E-00017
                  16      0.526203015797849E-00017
                  17      0.527343796504633E-00017
                  18      0.528407105074241E-00017
                  19      0.529376837904131E-00017
                  20      0.530238277971252E-00017
                  21      0.530978326927988E-00017
                  22      0.531585719365450E-00017
                  23      0.532051210521668E-00017
                  24      0.532367725007901E-00017
                  25      0.532530434921702E-00017
                  26      0.532542518703457E-00017
                  27      0.532406082063375E-00017
                  28      0.532115703877749E-00017
                  29      0.531675923845194E-00017
                  30      0.531093641121407E-00017
                  31      0.530377947844574E-00017
                  32      0.529539974729734E-00017
                  33      0.528592699229954E-00017
                  34      0.527550729759162E-00017
                  35      0.526430075738401E-00017
                  36      0.525247910942830E-00017
                  37      0.524022335408222E-00017
                  38      0.522772139861178E-00017
                  39      0.521516576651642E-00017
                  40      0.520275141832538E-00017
                  41      0.519067372748660E-00017
                  42      0.517912662428015E-00017
                  43      0.516830085017014E-00017
                  44      0.515838223397541E-00017
                  45      0.514954992730375E-00017
                  46      0.514197448405885E-00017
                  47      0.513581604665481E-00017
                  48      0.513122340254133E-00017
                  49      0.512833363645526E-00017
                  50      0.512728542375960E-00017
