                   1      0.512515252183025E-00017
                   2      0.516675404292575E-00017
                   3      0.519415379950813E-00017
                   4      0.522344728333183E-00017
                   5      0.525208823081727E-00017
                   6      0.527815147441668E-00017
                   7      0.529964805389598E-00017
                   8      0.531490861126715E-00017
                   9      0.532280042068129E-00017
                  10      0.532431337871309E-00017
                  11      0.532434401644355E-00017
                  12      0.532434501384546E-00017
                  13      0.532434893234622E-00017
                  14      0.532391541832003E-00017
                  15      0.531902949645282E-00017
                  16      0.530683589155522E-00017
                  17      0.528785655009427E-00017
                  18      0.526351039631662E-00017
                  19      0.523559797526701E-00017
                  20      0.520627438516435E-00017
                  21      0.517781471266981E-00017
                  22      0.514674003330870E-00017
                  23      0.515330970980929E-00017
                  24      0.517966226015668E-00017
                  25      0.518678657480505E-00017
                  26      0.518970982551632E-00017
                  27      0.520897103173953E-00017
                  28      0.523391568924721E-00017
                  29      0.526230279191176E-00017
                  30      0.529231757481510E-00017
                  31      0.532249777830127E-00017
                  32      0.535160101773323E-00017
                  33      0.537863125300885E-00017
                  34      0.540287203682909E-00017
                  35      0.542387532755526E-00017
                  36      0.544140657932345E-00017
                  37      0.545536970082956E-00017
                  38      0.546574267617159E-00017
                  39      0.547254446938233E-00017
                  40      0.547582999837037E-00017
                  41      0.547566241690459E-00017
                  42      0.546844850908641E-00017
                  43      0.546725703047243E-00017
                  44      0.544816117954172E-00017
                  45      0.539539341250938E-00017
                  46      0.533369428560442E-00017
                  47      0.527392242467597E-00017
                  48      0.522107257388734E-00017
                  49      0.517786179710336E-00017
                  50      0.512390413796395E-00017
