                   1      0.512390413730194E-00017
                   2      0.512491779069064E-00017
                   3      0.512778207733727E-00017
                   4      0.513235397660337E-00017
                   5      0.513849738591626E-00017
                   6      0.514606414758101E-00017
                   7      0.515489431887851E-00017
                   8      0.516481743759103E-00017
                   9      0.517565467606079E-00017
                  10      0.518722088496859E-00017
                  11      0.519932631273197E-00017
                  12      0.521177820761419E-00017
                  13      0.522438239489299E-00017
                  14      0.523694499843223E-00017
                  15      0.524927440415580E-00017
                  16      0.526118342083395E-00017
                  17      0.527249155272572E-00017
                  18      0.528302731116169E-00017
                  19      0.529263052101153E-00017
                  20      0.530115460016452E-00017
                  21      0.530846879331624E-00017
                  22      0.531446032365649E-00017
                  23      0.531903639215163E-00017
                  24      0.532212587481569E-00017
                  25      0.532368063620354E-00017
                  26      0.532374033717868E-00017
                  27      0.532231488969824E-00017
                  28      0.531935504997665E-00017
                  29      0.531490553035377E-00017
                  30      0.530903512718808E-00017
                  31      0.530183468391737E-00017
                  32      0.529341544653791E-00017
                  33      0.528390712033784E-00017
                  34      0.527345571541251E-00017
                  35      0.526222124807287E-00017
                  36      0.525037536343723E-00017
                  37      0.523809894025990E-00017
                  38      0.522557972948794E-00017
                  39      0.521301007009688E-00017
                  40      0.520058472539941E-00017
                  41      0.518849888237011E-00017
                  42      0.517694632815399E-00017
                  43      0.516611772913517E-00017
                  44      0.515619890152638E-00017
                  45      0.514736899601815E-00017
                  46      0.513979849366356E-00017
                  47      0.513364739441046E-00017
                  48      0.512906438129755E-00017
                  49      0.512618653749736E-00017
                  50      0.512515252343979E-00017
