                   1      0.512390413962636E-00017
                   2      0.514324311562306E-00017
                   3      0.515274745056852E-00017
                   4      0.516290155005067E-00017
                   5      0.517385779099445E-00017
                   6      0.518549238426474E-00017
                   7      0.519768597924608E-00017
                   8      0.521026333776504E-00017
                   9      0.522302724909261E-00017
                  10      0.523577662214859E-00017
                  11      0.524831197885324E-00017
                  12      0.526043920739242E-00017
                  13      0.527197187013972E-00017
                  14      0.528273253562561E-00017
                  15      0.529255411910245E-00017
                  16      0.530128197450460E-00017
                  17      0.530877686027430E-00017
                  18      0.531491842053508E-00017
                  19      0.531960852964662E-00017
                  20      0.532277441652238E-00017
                  21      0.532437624832982E-00017
                  22      0.532463664215969E-00017
                  23      0.532463691767975E-00017
                  24      0.532463125937796E-00017
                  25      0.532462964390354E-00017
                  26      0.532462901751132E-00017
                  27      0.532461604935078E-00017
                  28      0.532461511348584E-00017
                  29      0.532461422568425E-00017
                  30      0.532432094409893E-00017
                  31      0.532263597114120E-00017
                  32      0.531939816485792E-00017
                  33      0.531464732932086E-00017
                  34      0.530845584302562E-00017
                  35      0.530092045994505E-00017
                  36      0.529215892159003E-00017
                  37      0.528230752441290E-00017
                  38      0.527151896459100E-00017
                  39      0.525996018485112E-00017
                  40      0.524781001295717E-00017
                  41      0.523525643496293E-00017
                  42      0.522249354980230E-00017
                  43      0.520971854807095E-00017
                  44      0.519712890766267E-00017
                  45      0.518491891110120E-00017
                  46      0.517326665068365E-00017
                  47      0.516229848402667E-00017
                  48      0.515213746324723E-00017
                  49      0.514262080058189E-00017
                  50      0.512357767517291E-00017
