                   1      0.512728542287758E-00017
                   2      0.512825483119141E-00017
                   3      0.513108233543620E-00017
                   4      0.513562525832494E-00017
                   5      0.514174734716146E-00017
                   6      0.514929970194762E-00017
                   7      0.515812110032483E-00017
                   8      0.516803953721319E-00017
                   9      0.517887504792054E-00017
                  10      0.519044199857626E-00017
                  11      0.520255021834484E-00017
                  12      0.521500603597762E-00017
                  13      0.522761380136632E-00017
                  14      0.524017777893877E-00017
                  15      0.525250428295601E-00017
                  16      0.526440398365306E-00017
                  17      0.527569430005929E-00017
                  18      0.528620180448567E-00017
                  19      0.529576459441165E-00017
                  20      0.530423461235031E-00017
                  21      0.531147989651772E-00017
                  22      0.531738672512408E-00017
                  23      0.532186158647849E-00017
                  24      0.532483282410752E-00017
                  25      0.532625240568517E-00017
                  26      0.532617229760464E-00017
                  27      0.532457687256435E-00017
                  28      0.532143181971738E-00017
                  29      0.531678424338241E-00017
                  30      0.531070553333269E-00017
                  31      0.530328928399761E-00017
                  32      0.529464948838983E-00017
                  33      0.528491851745660E-00017
                  34      0.527424493193397E-00017
                  35      0.526279118099110E-00017
                  36      0.525073121401200E-00017
                  37      0.523824808043697E-00017
                  38      0.522553153799601E-00017
                  39      0.521277571544707E-00017
                  40      0.520017687231759E-00017
                  41      0.518793130448007E-00017
                  42      0.517623344112337E-00017
                  43      0.516527425403499E-00017
                  44      0.515524012749002E-00017
                  45      0.514631167917346E-00017
                  46      0.513866145118638E-00017
                  47      0.513245100972265E-00017
                  48      0.512782932864286E-00017
                  49      0.512493258496295E-00017
                  50      0.512390413811705E-00017
