                   1      0.164155059020657E-00016
                   2      0.164175664338609E-00016
                   3      0.164225933236242E-00016
                   4      0.164300492290256E-00016
                   5      0.164392870889489E-00016
                   6      0.164494848986160E-00016
                   7      0.164597078371985E-00016
                   8      0.164689556294784E-00016
                   9      0.164762619351076E-00016
                  10      0.164807794755799E-00016
                  11      0.164818885092027E-00016
                  12      0.164792198029124E-00016
                  13      0.164724092790726E-00016
                  14      0.164614074716872E-00016
                  15      0.164464432521355E-00016
                  16      0.164285206624438E-00016
                  17      0.164101230144191E-00016
                  18      0.163954620667242E-00016
                  19      0.163824344709561E-00016
                  20      0.164033108839754E-00016
                  21      0.164275558935282E-00016
                  22      0.164503669313510E-00016
                  23      0.164713109708230E-00016
                  24      0.164893481212881E-00016
                  25      0.165037284268848E-00016
                  26      0.165140321504536E-00016
                  27      0.165201706896228E-00016
                  28      0.165223682233295E-00016
                  29      0.165211620548398E-00016
                  30      0.165173779965743E-00016
                  31      0.165121239898618E-00016
                  32      0.165068196203042E-00016
                  33      0.165031803743632E-00016
                  34      0.165021036504652E-00016
                  35      0.165027693350482E-00016
                  36      0.165030560554202E-00016
                  37      0.165029366082626E-00016
                  38      0.165023332650044E-00016
                  39      0.165006253054970E-00016
                  40      0.164974129152928E-00016
                  41      0.164923725976855E-00016
                  42      0.164853295480344E-00016
                  43      0.164764168890844E-00016
                  44      0.164660958777121E-00016
                  45      0.164551150768634E-00016
                  46      0.164443977667808E-00016
                  47      0.164348662794451E-00016
                  48      0.164272811142512E-00016
                  49      0.164231534920281E-00016
                  50      0.164368727992055E-00016
