                   1      0.161931780310878E-00016
                   2      0.161891712215715E-00016
                   3      0.161962123581196E-00016
                   4      0.162073792723709E-00016
                   5      0.162220997495941E-00016
                   6      0.162395543998773E-00016
                   7      0.162589189332012E-00016
                   8      0.162793559391290E-00016
                   9      0.163002134127525E-00016
                  10      0.163209969329099E-00016
                  11      0.163412945170816E-00016
                  12      0.163608839723453E-00016
                  13      0.163795796364807E-00016
                  14      0.163972574673015E-00016
                  15      0.164138455061298E-00016
                  16      0.164292666144622E-00016
                  17      0.164434659140050E-00016
                  18      0.164564149788067E-00016
                  19      0.164681165973464E-00016
                  20      0.164783733767547E-00016
                  21      0.164871265860995E-00016
                  22      0.164943035444674E-00016
                  23      0.164998145173142E-00016
                  24      0.165036025380750E-00016
                  25      0.165056323003532E-00016
                  26      0.165058653555025E-00016
                  27      0.165043219848778E-00016
                  28      0.165009742291337E-00016
                  29      0.164958923447880E-00016
                  30      0.164891200363779E-00016
                  31      0.164807491515800E-00016
                  32      0.164708476031150E-00016
                  33      0.164594830550724E-00016
                  34      0.164467939315626E-00016
                  35      0.164328492811561E-00016
                  36      0.164176949223396E-00016
                  37      0.164013833913740E-00016
                  38      0.163839646673019E-00016
                  39      0.163655688595032E-00016
                  40      0.163463279625025E-00016
                  41      0.163263967569564E-00016
                  42      0.163057896605596E-00016
                  43      0.162849444241371E-00016
                  44      0.162645118841349E-00016
                  45      0.162452561196282E-00016
                  46      0.162277594666438E-00016
                  47      0.162129440672296E-00016
                  48      0.162017385963042E-00016
                  49      0.161946480185754E-00016
                  50      0.161920495761873E-00016
