                   1      0.161811462624372E-00016
                   2      0.161825481436366E-00016
                   3      0.161866427947812E-00016
                   4      0.161931017462446E-00016
                   5      0.162017138701987E-00016
                   6      0.162122206001596E-00016
                   7      0.162243046548885E-00016
                   8      0.162376238453680E-00016
                   9      0.162518432390105E-00016
                  10      0.162666578049294E-00016
                  11      0.162818010018743E-00016
                  12      0.162970439844955E-00016
                  13      0.163121866516789E-00016
                  14      0.163269251851826E-00016
                  15      0.163398301026486E-00016
                  16      0.163395735676075E-00016
                  17      0.163411968027827E-00016
                  18      0.163443350228527E-00016
                  19      0.163486175926902E-00016
                  20      0.163537464490429E-00016
                  21      0.163595008461839E-00016
                  22      0.163657628896248E-00016
                  23      0.163726899375789E-00016
                  24      0.163814175579202E-00016
                  25      0.163938256626405E-00016
                  26      0.164085797110248E-00016
                  27      0.164230827348067E-00016
                  28      0.164362661782676E-00016
                  29      0.164479141244529E-00016
                  30      0.164578984261146E-00016
                  31      0.164661247381675E-00016
                  32      0.164725316423651E-00016
                  33      0.164770924733968E-00016
                  34      0.164798208591398E-00016
                  35      0.164807792099312E-00016
                  36      0.164801676321612E-00016
                  37      0.164780185310942E-00016
                  38      0.164744800361287E-00016
                  39      0.164697628824608E-00016
                  40      0.164641107782408E-00016
                  41      0.164577920629076E-00016
                  42      0.164510896442115E-00016
                  43      0.164442936013365E-00016
                  44      0.164376893556594E-00016
                  45      0.164315498525921E-00016
                  46      0.164261331149919E-00016
                  47      0.164216655355808E-00016
                  48      0.164183387140761E-00016
                  49      0.164163187630064E-00016
                  50      0.164157713847098E-00016
