                   1      0.831338978047750E-00017
                   2      0.831539833911524E-00017
                   3      0.832049885426422E-00017
                   4      0.832844194618953E-00017
                   5      0.833899958803474E-00017
                   6      0.835192314883683E-00017
                   7      0.836694562847814E-00017
                   8      0.838378291248475E-00017
                   9      0.840213743497982E-00017
                  10      0.842170171845659E-00017
                  11      0.844216015687229E-00017
                  12      0.846319059612684E-00017
                  13      0.848446684420870E-00017
                  14      0.850566182175093E-00017
                  15      0.852645096229438E-00017
                  16      0.854651580448479E-00017
                  17      0.856554783319205E-00017
                  18      0.858325257222514E-00017
                  19      0.859935384538755E-00017
                  20      0.861359808149781E-00017
                  21      0.862575854694016E-00017
                  22      0.863563938285505E-00017
                  23      0.864307913614297E-00017
                  24      0.864795272041551E-00017
                  25      0.865018227482617E-00017
                  26      0.865015872703410E-00017
                  27      0.864786372239387E-00017
                  28      0.864293437722899E-00017
                  29      0.863544171600483E-00017
                  30      0.862550809605095E-00017
                  31      0.861329362555637E-00017
                  32      0.859899343907792E-00017
                  33      0.858283393293305E-00017
                  34      0.856506854904394E-00017
                  35      0.854597344449160E-00017
                  36      0.852584319927114E-00017
                  37      0.850498663137589E-00017
                  38      0.848372276585143E-00017
                  39      0.846237699014907E-00017
                  40      0.844127740987505E-00017
                  41      0.842075141088260E-00017
                  42      0.840112250653128E-00017
                  43      0.838270776737067E-00017
                  44      0.836581602924663E-00017
                  45      0.835074590169436E-00017
                  46      0.833778221540173E-00017
                  47      0.832719239321903E-00017
                  48      0.831922516161146E-00017
                  49      0.831410847237754E-00017
                  50      0.831208700229598E-00017
