                   1      0.889136965206317E-00017
                   2      0.889227626171139E-00017
                   3      0.889451154956565E-00017
                   4      0.889749554740612E-00017
                   5      0.890060294352973E-00017
                   6      0.890301224545218E-00017
                   7      0.890385404962288E-00017
                   8      0.890318062369899E-00017
                   9      0.889915480713790E-00017
                  10      0.889000381749094E-00017
                  11      0.887402710458817E-00017
                  12      0.884993709633437E-00017
                  13      0.881718708848984E-00017
                  14      0.877610123892492E-00017
                  15      0.872780094045030E-00017
                  16      0.867402215533165E-00017
                  17      0.861689660229105E-00017
                  18      0.855875077869402E-00017
                  19      0.850199963692573E-00017
                  20      0.844913108085488E-00017
                  21      0.840256309802588E-00017
                  22      0.836442377777979E-00017
                  23      0.833611712952366E-00017
                  24      0.832207831428215E-00017
                  25      0.832709595406631E-00017
                  26      0.834719465347311E-00017
                  27      0.838155388504656E-00017
                  28      0.842682429923317E-00017
                  29      0.848034574379347E-00017
                  30      0.853565699546851E-00017
                  31      0.859295798977249E-00017
                  32      0.865172555871561E-00017
                  33      0.870968378667820E-00017
                  34      0.876439449186307E-00017
                  35      0.881356700732835E-00017
                  36      0.885532857916450E-00017
                  37      0.888840355233163E-00017
                  38      0.891220552035460E-00017
                  39      0.892685569611664E-00017
                  40      0.893317937175876E-00017
                  41      0.893265277877298E-00017
                  42      0.892792548877556E-00017
                  43      0.892150602891719E-00017
                  44      0.891507080073371E-00017
                  45      0.890932410680944E-00017
                  46      0.890429180533087E-00017
                  47      0.889994147515184E-00017
                  48      0.889642420297527E-00017
                  49      0.889393762784892E-00017
                  50      0.889286305125898E-00017
