                   1      0.831346585563382E-00017
                   2      0.832310077657979E-00017
                   3      0.833569599429673E-00017
                   4      0.835231734424981E-00017
                   5      0.837240735875250E-00017
                   6      0.839553319068479E-00017
                   7      0.842108972218417E-00017
                   8      0.844828532575040E-00017
                   9      0.847633135174548E-00017
                  10      0.850445604736008E-00017
                  11      0.853190253160114E-00017
                  12      0.855793659321771E-00017
                  13      0.858186418869444E-00017
                  14      0.860304279797493E-00017
                  15      0.860304451189747E-00017
                  16      0.860613832512195E-00017
                  17      0.860380006569367E-00017
                  18      0.860462107498354E-00017
                  19      0.860837973788167E-00017
                  20      0.861441809849568E-00017
                  21      0.862225609649590E-00017
                  22      0.863151117771792E-00017
                  23      0.864187993262027E-00017
                  24      0.865314284709207E-00017
                  25      0.866519904988144E-00017
                  26      0.867818912624469E-00017
                  27      0.869278961659608E-00017
                  28      0.871044063273175E-00017
                  29      0.873263249654134E-00017
                  30      0.875931016229711E-00017
                  31      0.878809771608114E-00017
                  32      0.881546895379610E-00017
                  33      0.883907671882554E-00017
                  34      0.885843782274688E-00017
                  35      0.887381101274417E-00017
                  36      0.888549527401727E-00017
                  37      0.889382888649716E-00017
                  38      0.889924978287485E-00017
                  39      0.890228804641343E-00017
                  40      0.890355591130867E-00017
                  41      0.890379785316710E-00017
                  42      0.890373397455783E-00017
                  43      0.890296343567783E-00017
                  44      0.890141334530271E-00017
                  45      0.889936062977530E-00017
                  46      0.889711290546573E-00017
                  47      0.889495246547107E-00017
                  48      0.889313730456158E-00017
                  49      0.889188161151005E-00017
                  50      0.889136013374483E-00017
