                   1      0.889136013350670E-00017
                   2      0.889215609448689E-00017
                   3      0.889429640006581E-00017
                   4      0.889738228435347E-00017
                   5      0.890066272087833E-00017
                   6      0.890309444690240E-00017
                   7      0.890331162275389E-00017
                   8      0.889965863726282E-00017
                   9      0.889038660285150E-00017
                  10      0.887380735918708E-00017
                  11      0.884868360062086E-00017
                  12      0.881417969513345E-00017
                  13      0.877035254160408E-00017
                  14      0.871836835242038E-00017
                  15      0.866026943148392E-00017
                  16      0.859874436686655E-00017
                  17      0.853742075390925E-00017
                  18      0.847832854698221E-00017
                  19      0.842459116044448E-00017
                  20      0.837881839852972E-00017
                  21      0.834371957176664E-00017
                  22      0.832105825215234E-00017
                  23      0.831225390914607E-00017
                  24      0.831768734247622E-00017
                  25      0.833634660664584E-00017
                  26      0.836574129151482E-00017
                  27      0.840134418851774E-00017
                  28      0.841915410164076E-00017
                  29      0.844572692159601E-00017
                  30      0.848706022274493E-00017
                  31      0.853951956811121E-00017
                  32      0.859919453203364E-00017
                  33      0.866207989624483E-00017
                  34      0.872428382261788E-00017
                  35      0.878224967186700E-00017
                  36      0.883297398745583E-00017
                  37      0.887420245460049E-00017
                  38      0.890458686715869E-00017
                  39      0.892378920065171E-00017
                  40      0.893252347729941E-00017
                  41      0.893253171460717E-00017
                  42      0.892649624249819E-00017
                  43      0.891789637552318E-00017
                  44      0.891082228153442E-00017
                  45      0.890722753559724E-00017
                  46      0.890332550568107E-00017
                  47      0.889925844548539E-00017
                  48      0.889588728773339E-00017
                  49      0.889367440861549E-00017
                  50      0.889441347114234E-00017
