                   1      0.831338976992358E-00017
                   2      0.832146594927513E-00017
                   3      0.833182912112193E-00017
                   4      0.834565962930276E-00017
                   5      0.836257451510673E-00017
                   6      0.838213008882508E-00017
                   7      0.840383300754057E-00017
                   8      0.842707351359562E-00017
                   9      0.845093007332295E-00017
                  10      0.847366411705342E-00017
                  11      0.849280430089430E-00017
                  12      0.849282591755105E-00017
                  13      0.848715875121036E-00017
                  14      0.848252713493161E-00017
                  15      0.848103412763947E-00017
                  16      0.848267661897004E-00017
                  17      0.848736251139752E-00017
                  18      0.849505328371445E-00017
                  19      0.850611307985610E-00017
                  20      0.852151640492573E-00017
                  21      0.854247425226738E-00017
                  22      0.856945091704662E-00017
                  23      0.860122501465213E-00017
                  24      0.863536412079826E-00017
                  25      0.866970599715781E-00017
                  26      0.870302403989143E-00017
                  27      0.873468859276358E-00017
                  28      0.876424537988452E-00017
                  29      0.879127967500629E-00017
                  30      0.881545355203522E-00017
                  31      0.883654131251490E-00017
                  32      0.885444207256861E-00017
                  33      0.886917688355379E-00017
                  34      0.888087552478508E-00017
                  35      0.888975690607176E-00017
                  36      0.889610761892103E-00017
                  37      0.890026565357694E-00017
                  38      0.890261632576851E-00017
                  39      0.890360247009588E-00017
                  40      0.890380085171306E-00017
                  41      0.890372622501359E-00017
                  42      0.890305064745688E-00017
                  43      0.890173633656973E-00017
                  44      0.889998140126513E-00017
                  45      0.889800839523367E-00017
                  46      0.889602700357848E-00017
                  47      0.889421878748440E-00017
                  48      0.889274215692555E-00017
                  49      0.889174393362366E-00017
                  50      0.889136965229852E-00017
