                   1      0.146711937156587E-00016
                   2      0.146736632309066E-00016
                   3      0.146807859410766E-00016
                   4      0.146923981024685E-00016
                   5      0.147080976544627E-00016
                   6      0.147273110352000E-00016
                   7      0.147493509247470E-00016
                   8      0.147734733359010E-00016
                   9      0.147989599212805E-00016
                  10      0.148251474468846E-00016
                  11      0.148514481181213E-00016
                  12      0.148773962177471E-00016
                  13      0.149026019030929E-00016
                  14      0.149267527426643E-00016
                  15      0.149496073856138E-00016
                  16      0.149709696340854E-00016
                  17      0.149906700801166E-00016
                  18      0.150085528284595E-00016
                  19      0.150244964566688E-00016
                  20      0.150383913217294E-00016
                  21      0.150501332806595E-00016
                  22      0.150596314130314E-00016
                  23      0.150668219413589E-00016
                  24      0.150716452004308E-00016
                  25      0.150740614872301E-00016
                  26      0.150740544042549E-00016
                  27      0.150716324789836E-00016
                  28      0.150668147340710E-00016
                  29      0.150596401233429E-00016
                  30      0.150501584110448E-00016
                  31      0.150384419378810E-00016
                  32      0.150245837558987E-00016
                  33      0.150086811941656E-00016
                  34      0.149908681599024E-00016
                  35      0.149712936115116E-00016
                  36      0.149500920841072E-00016
                  37      0.149273924511158E-00016
                  38      0.149033710485398E-00016
                  39      0.148783069292960E-00016
                  40      0.148524754615028E-00016
                  41      0.148262357773053E-00016
                  42      0.148000384144892E-00016
                  43      0.147745067771132E-00016
                  44      0.147503523706751E-00016
                  45      0.147283062561085E-00016
                  46      0.147090851388813E-00016
                  47      0.146933940583489E-00016
                  48      0.146818131491907E-00016
                  49      0.146746967642999E-00016
                  50      0.146722448716857E-00016
