                   1      0.332612872805098E-00016
                   2      0.332856578410400E-00016
                   3      0.333521546901132E-00016
                   4      0.334526814111173E-00016
                   5      0.335819410191759E-00016
                   6      0.337385558142846E-00016
                   7      0.339289161651367E-00016
                   8      0.341493858999759E-00016
                   9      0.343980750799326E-00016
                  10      0.346753094424130E-00016
                  11      0.349773614749133E-00016
                  12      0.353014540696848E-00016
                  13      0.356437522216990E-00016
                  14      0.359991832792278E-00016
                  15      0.363601843823254E-00016
                  16      0.367139457734561E-00016
                  17      0.370408318634811E-00016
                  18      0.373205018499697E-00016
                  19      0.375458152643367E-00016
                  20      0.377264577864459E-00016
                  21      0.378754512199261E-00016
                  22      0.379955267265782E-00016
                  23      0.380892002680410E-00016
                  24      0.381566055445373E-00016
                  25      0.381962969902649E-00016
                  26      0.382075589537452E-00016
                  27      0.381971676242892E-00016
                  28      0.381606774363067E-00016
                  29      0.380966872418617E-00016
                  30      0.380043889379252E-00016
                  31      0.378810031915248E-00016
                  32      0.377203921449812E-00016
                  33      0.375110666070567E-00016
                  34      0.372470030192414E-00016
                  35      0.369332261072779E-00016
                  36      0.365833349504474E-00016
                  37      0.362136661580194E-00016
                  38      0.358393983457334E-00016
                  39      0.354741734127513E-00016
                  40      0.351245871335164E-00016
                  41      0.347962114079160E-00016
                  42      0.344973893386747E-00016
                  43      0.342272347458150E-00016
                  44      0.339875413105608E-00016
                  45      0.337802758584186E-00016
                  46      0.336053190262255E-00016
                  47      0.334603724923535E-00016
                  48      0.333546127460005E-00016
                  49      0.332941940339227E-00016
                  50      0.332824425556980E-00016
