                   1      0.332612872768147E-00016
                   2      0.332852064436453E-00016
                   3      0.333498504355794E-00016
                   4      0.334477847002707E-00016
                   5      0.335745239259364E-00016
                   6      0.337340032313210E-00016
                   7      0.339248926056616E-00016
                   8      0.341480149076949E-00016
                   9      0.344027029833200E-00016
                  10      0.346858726116542E-00016
                  11      0.349990150974626E-00016
                  12      0.353364193070544E-00016
                  13      0.356934583533290E-00016
                  14      0.360627052274159E-00016
                  15      0.364326137432142E-00016
                  16      0.367856312856985E-00016
                  17      0.370991898117627E-00016
                  18      0.373563266356025E-00016
                  19      0.375626521440288E-00016
                  20      0.377356434316918E-00016
                  21      0.378793370701039E-00016
                  22      0.379972432207578E-00016
                  23      0.380918324439082E-00016
                  24      0.381621719743962E-00016
                  25      0.382041106543660E-00016
                  26      0.382158145977628E-00016
                  27      0.382017610234647E-00016
                  28      0.381611624681095E-00016
                  29      0.380931083048045E-00016
                  30      0.379978702836114E-00016
                  31      0.378729552768320E-00016
                  32      0.377112295892424E-00016
                  33      0.375033403875373E-00016
                  34      0.372406775805796E-00016
                  35      0.369269490026426E-00016
                  36      0.365758786669567E-00016
                  37      0.362046649374177E-00016
                  38      0.358289459230884E-00016
                  39      0.354609758547601E-00016
                  40      0.351109967694103E-00016
                  41      0.347846249455734E-00016
                  42      0.344843138222968E-00016
                  43      0.342136984128192E-00016
                  44      0.339776264019452E-00016
                  45      0.337708895854253E-00016
                  46      0.336020993885244E-00016
                  47      0.334630264288312E-00016
                  48      0.333590961734495E-00016
                  49      0.333029890690728E-00016
                  50      0.332936191634905E-00016
