                   1      0.420087527450337E-00016
                   2      0.420691203172392E-00016
                   3      0.422241603351723E-00016
                   4      0.424517390571682E-00016
                   5      0.427486896467452E-00016
                   6      0.431169954716454E-00016
                   7      0.435548307716379E-00016
                   8      0.440498767865836E-00016
                   9      0.445890349967970E-00016
                  10      0.451835397033515E-00016
                  11      0.458714667258387E-00016
                  12      0.466696002592136E-00016
                  13      0.475510392447440E-00016
                  14      0.483964871241897E-00016
                  15      0.490131360029219E-00016
                  16      0.494228243960658E-00016
                  17      0.497159369448766E-00016
                  18      0.499307170667238E-00016
                  19      0.501285530906769E-00016
                  20      0.503347139839356E-00016
                  21      0.505500032628833E-00016
                  22      0.507637515792702E-00016
                  23      0.509620635997958E-00016
                  24      0.511287744222272E-00016
                  25      0.512467268875226E-00016
                  26      0.513018710679127E-00016
                  27      0.512963106397001E-00016
                  28      0.512338995778786E-00016
                  29      0.511225199149245E-00016
                  30      0.510611203640949E-00016
                  31      0.510409534118403E-00016
                  32      0.510936064601282E-00016
                  33      0.511248431768321E-00016
                  34      0.511453740452554E-00016
                  35      0.510427021245472E-00016
                  36      0.505663761348529E-00016
                  37      0.497913856604641E-00016
                  38      0.488615551634211E-00016
                  39      0.478872418440541E-00016
                  40      0.469365727407057E-00016
                  41      0.460466559749747E-00016
                  42      0.452365089107633E-00016
                  43      0.445144735474206E-00016
                  44      0.438842958403992E-00016
                  45      0.433455402559975E-00016
                  46      0.428966998309372E-00016
                  47      0.425365376235484E-00016
                  48      0.422692877175307E-00016
                  49      0.420994395997980E-00016
                  50      0.420511391025391E-00016
