                   1      0.420087527482185E-00016
                   2      0.420633046279458E-00016
                   3      0.422152611896703E-00016
                   4      0.424635993763190E-00016
                   5      0.428128063499965E-00016
                   6      0.432625235460646E-00016
                   7      0.438119467615263E-00016
                   8      0.444591814736853E-00016
                   9      0.452008288050740E-00016
                  10      0.460314359177212E-00016
                  11      0.469398045804333E-00016
                  12      0.478715403048660E-00016
                  13      0.482493120592312E-00016
                  14      0.486544215642489E-00016
                  15      0.490010633246700E-00016
                  16      0.492659690711561E-00016
                  17      0.494960944060588E-00016
                  18      0.497396177895957E-00016
                  19      0.500059303016751E-00016
                  20      0.502703472843940E-00016
                  21      0.505198259567835E-00016
                  22      0.507530206071468E-00016
                  23      0.509643141193829E-00016
                  24      0.511406656422639E-00016
                  25      0.512621174963888E-00016
                  26      0.513093017416807E-00016
                  27      0.512811677342395E-00016
                  28      0.511790789730768E-00016
                  29      0.510186056304282E-00016
                  30      0.508224371958586E-00016
                  31      0.506493933695554E-00016
                  32      0.505407593457586E-00016
                  33      0.508074491383489E-00016
                  34      0.510424184208479E-00016
                  35      0.511108337480129E-00016
                  36      0.509032292608810E-00016
                  37      0.502916876447049E-00016
                  38      0.493649860275485E-00016
                  39      0.483309806693519E-00016
                  40      0.473063719685434E-00016
                  41      0.463409066265546E-00016
                  42      0.454578893645012E-00016
                  43      0.446671241662517E-00016
                  44      0.439712159920163E-00016
                  45      0.433745409917243E-00016
                  46      0.428832954562808E-00016
                  47      0.425017756207022E-00016
                  48      0.422313142341904E-00016
                  49      0.420722295597812E-00016
                  50      0.420427397831621E-00016
