                   1      0.871094569206920E-00017
                   2      0.871309993819091E-00017
                   3      0.871849981218856E-00017
                   4      0.872688536952390E-00017
                   5      0.873801244012344E-00017
                   6      0.875161686433554E-00017
                   7      0.876742104677276E-00017
                   8      0.878513243654895E-00017
                   9      0.880444382839707E-00017
                  10      0.882503467205086E-00017
                  11      0.884657387630447E-00017
                  12      0.886872297091564E-00017
                  13      0.889113923147187E-00017
                  14      0.891347895359919E-00017
                  15      0.893540094520938E-00017
                  16      0.895657023691468E-00017
                  17      0.897666216507300E-00017
                  18      0.899536681032382E-00017
                  19      0.901239350048982E-00017
                  20      0.902747526561815E-00017
                  21      0.904037330224734E-00017
                  22      0.905088127519116E-00017
                  23      0.905882915946517E-00017
                  24      0.906408612127570E-00017
                  25      0.906655953663619E-00017
                  26      0.906661579155213E-00017
                  27      0.906432123440885E-00017
                  28      0.905924869935060E-00017
                  29      0.905148251513194E-00017
                  30      0.904115020927095E-00017
                  31      0.902841939423382E-00017
                  32      0.901349456282611E-00017
                  33      0.899661320519305E-00017
                  34      0.897804144582624E-00017
                  35      0.895806936897422E-00017
                  36      0.893700628621343E-00017
                  37      0.891517615195046E-00017
                  38      0.889291326144819E-00017
                  39      0.887055834500743E-00017
                  40      0.884845509419890E-00017
                  41      0.882694697005714E-00017
                  42      0.880637401032904E-00017
                  43      0.878706943427357E-00017
                  44      0.876935617864880E-00017
                  45      0.875354398273931E-00017
                  46      0.873992786424969E-00017
                  47      0.872878742539417E-00017
                  48      0.872038730543482E-00017
                  49      0.871497026650161E-00017
                  50      0.871279963088207E-00017
