                   1      0.871094568845277E-00017
                   2      0.871937459899670E-00017
                   3      0.872970393154112E-00017
                   4      0.874197358624936E-00017
                   5      0.875362294410010E-00017
                   6      0.875604590500401E-00017
                   7      0.875960259815667E-00017
                   8      0.877120999729531E-00017
                   9      0.878941598114851E-00017
                  10      0.881269731647414E-00017
                  11      0.883902031480434E-00017
                  12      0.886595630527239E-00017
                  13      0.886595919214807E-00017
                  14      0.886605810143801E-00017
                  15      0.886061915240388E-00017
                  16      0.885672532581280E-00017
                  17      0.885698148502742E-00017
                  18      0.886129067507828E-00017
                  19      0.887025164652672E-00017
                  20      0.888546266737433E-00017
                  21      0.890884437863524E-00017
                  22      0.893875268614906E-00017
                  23      0.897126051026149E-00017
                  24      0.900405852429728E-00017
                  25      0.903666565684264E-00017
                  26      0.906860055263203E-00017
                  27      0.909910961305718E-00017
                  28      0.912752734812823E-00017
                  29      0.915332184505368E-00017
                  30      0.917609027197793E-00017
                  31      0.919555757745437E-00017
                  32      0.921158132015532E-00017
                  33      0.922416532983210E-00017
                  34      0.923345801531785E-00017
                  35      0.923972625139442E-00017
                  36      0.924332431393358E-00017
                  37      0.924471508668838E-00017
                  38      0.924487488551269E-00017
                  39      0.924482973889791E-00017
                  40      0.924392119266363E-00017
                  41      0.924177144606684E-00017
                  42      0.923864402729928E-00017
                  43      0.923487678818882E-00017
                  44      0.923079824656262E-00017
                  45      0.922670371041932E-00017
                  46      0.922284054413414E-00017
                  47      0.921942588768772E-00017
                  48      0.921665671990569E-00017
                  49      0.921472891316802E-00017
                  50      0.921382468926888E-00017
