                   1      0.921382468924503E-00017
                   2      0.921492468192145E-00017
                   3      0.921819478236026E-00017
                   4      0.922325333892525E-00017
                   5      0.922950329894217E-00017
                   6      0.923608278156820E-00017
                   7      0.924184524944406E-00017
                   8      0.924535786166423E-00017
                   9      0.924504912715082E-00017
                  10      0.923926435791574E-00017
                  11      0.922630124290493E-00017
                  12      0.920491547097993E-00017
                  13      0.917450628523059E-00017
                  14      0.913532461293185E-00017
                  15      0.908858010710068E-00017
                  16      0.903626208811182E-00017
                  17      0.898079104605175E-00017
                  18      0.892474257069175E-00017
                  19      0.887070038694883E-00017
                  20      0.882117730715138E-00017
                  21      0.877858525222769E-00017
                  22      0.874518053071138E-00017
                  23      0.872290807004861E-00017
                  24      0.871325261797926E-00017
                  25      0.872080514158378E-00017
                  26      0.874309191233934E-00017
                  27      0.877874116582027E-00017
                  28      0.882542751448375E-00017
                  29      0.887998325843810E-00017
                  30      0.893909490795975E-00017
                  31      0.899946525237460E-00017
                  32      0.905797745661893E-00017
                  33      0.911186555402286E-00017
                  34      0.915887860233066E-00017
                  35      0.919742531784294E-00017
                  36      0.922668700112344E-00017
                  37      0.924668876575789E-00017
                  38      0.925832255603074E-00017
                  39      0.926332116577719E-00017
                  40      0.926419521210367E-00017
                  41      0.926331015329523E-00017
                  42      0.925948168733122E-00017
                  43      0.925313156029740E-00017
                  44      0.924529666832979E-00017
                  45      0.923693055226744E-00017
                  46      0.922886437891673E-00017
                  47      0.922179654152585E-00017
                  48      0.921627418467841E-00017
                  49      0.921268667489241E-00017
                  50      0.921131089436852E-00017
