                   1      0.154804629240250E-00016
                   2      0.154809347878648E-00016
                   3      0.154817156028345E-00016
                   4      0.154823213507244E-00016
                   5      0.154820350747702E-00016
                   6      0.154800017435010E-00016
                   7      0.154753907614084E-00016
                   8      0.154673747220307E-00016
                   9      0.154553375354633E-00016
                  10      0.154389976466182E-00016
                  11      0.154180872005057E-00016
                  12      0.153928234507503E-00016
                  13      0.153634625824842E-00016
                  14      0.153307139867078E-00016
                  15      0.152951871876824E-00016
                  16      0.152577887697302E-00016
                  17      0.152196203691349E-00016
                  18      0.151817520552639E-00016
                  19      0.151454290180438E-00016
                  20      0.151119255224019E-00016
                  21      0.150824583725774E-00016
                  22      0.150582087139548E-00016
                  23      0.150404438356667E-00016
                  24      0.150435086707760E-00016
                  25      0.150683706960094E-00016
                  26      0.151034308955915E-00016
                  27      0.151454343489095E-00016
                  28      0.151913933408827E-00016
                  29      0.152386388197462E-00016
                  30      0.152848606974324E-00016
                  31      0.153281368794539E-00016
                  32      0.153669518069818E-00016
                  33      0.154002056756071E-00016
                  34      0.154272157354038E-00016
                  35      0.154477111651747E-00016
                  36      0.154618229609935E-00016
                  37      0.154700701011607E-00016
                  38      0.154733429756843E-00016
                  39      0.154728847328766E-00016
                  40      0.154702708414211E-00016
                  41      0.154673874985089E-00016
                  42      0.154664851183085E-00016
                  43      0.154715074477750E-00016
                  44      0.154768340310789E-00016
                  45      0.154799958711195E-00016
                  46      0.154812210324255E-00016
                  47      0.154810774931927E-00016
                  48      0.154802254647690E-00016
                  49      0.154793449018678E-00016
                  50      0.154910097210626E-00016
