                   1      0.150415994014480E-00016
                   2      0.150336571057619E-00016
                   3      0.150402914528623E-00016
                   4      0.150512824688807E-00016
                   5      0.150661769014117E-00016
                   6      0.150844782609056E-00016
                   7      0.151053881041725E-00016
                   8      0.151281623229453E-00016
                   9      0.151522403336053E-00016
                  10      0.151767974978822E-00016
                  11      0.152014891264824E-00016
                  12      0.152257914945982E-00016
                  13      0.152493618975025E-00016
                  14      0.152719251768557E-00016
                  15      0.152932831267269E-00016
                  16      0.153132397033545E-00016
                  17      0.153317213717198E-00016
                  18      0.153484957625052E-00016
                  19      0.153635794275102E-00016
                  20      0.153767338678659E-00016
                  21      0.153879028854634E-00016
                  22      0.153970118399047E-00016
                  23      0.154039734335780E-00016
                  24      0.154086992032612E-00016
                  25      0.154111721495069E-00016
                  26      0.154113474970328E-00016
                  27      0.154092390865379E-00016
                  28      0.154048503737768E-00016
                  29      0.153982421464855E-00016
                  30      0.153894793239260E-00016
                  31      0.153785917387831E-00016
                  32      0.153656857930315E-00016
                  33      0.153508796522728E-00016
                  34      0.153342934143899E-00016
                  35      0.153160516610697E-00016
                  36      0.152963012866420E-00016
                  37      0.152752022814370E-00016
                  38      0.152527882335237E-00016
                  39      0.152294597108433E-00016
                  40      0.152050199494635E-00016
                  41      0.151803528370282E-00016
                  42      0.151556293744729E-00016
                  43      0.151312630369707E-00016
                  44      0.151080037221963E-00016
                  45      0.150867621863971E-00016
                  46      0.150679060686135E-00016
                  47      0.150523945549507E-00016
                  48      0.150408933369232E-00016
                  49      0.150338083714736E-00016
                  50      0.150314266697380E-00016
