                   1      0.150276316714642E-00016
                   2      0.150314480482627E-00016
                   3      0.150392803280012E-00016
                   4      0.150504032525911E-00016
                   5      0.150641510975907E-00016
                   6      0.150799267609834E-00016
                   7      0.150972109500690E-00016
                   8      0.151155696469033E-00016
                   9      0.151346633147405E-00016
                  10      0.151547218834437E-00016
                  11      0.151752123977676E-00016
                  12      0.151958736324373E-00016
                  13      0.152163892527316E-00016
                  14      0.152364289897925E-00016
                  15      0.152560130292851E-00016
                  16      0.152747136271468E-00016
                  17      0.152926681987554E-00016
                  18      0.153095339299395E-00016
                  19      0.153253940629239E-00016
                  20      0.153400534985728E-00016
                  21      0.153534921012254E-00016
                  22      0.153656190301199E-00016
                  23      0.153764579223352E-00016
                  24      0.153858159504574E-00016
                  25      0.153939676517305E-00016
                  26      0.154001683409700E-00016
                  27      0.154046590238749E-00016
                  28      0.154112999504240E-00016
                  29      0.154190351716639E-00016
                  30      0.154272380700983E-00016
                  31      0.154354024122744E-00016
                  32      0.154431375067396E-00016
                  33      0.154501054706759E-00016
                  34      0.154561884750917E-00016
                  35      0.154614048789596E-00016
                  36      0.154659059029210E-00016
                  37      0.154698698388135E-00016
                  38      0.154733508219847E-00016
                  39      0.154762718364692E-00016
                  40      0.154785509990236E-00016
                  41      0.154801525775896E-00016
                  42      0.154810869362589E-00016
                  43      0.154814373448085E-00016
                  44      0.154814486772360E-00016
                  45      0.154813248549292E-00016
                  46      0.154811511427589E-00016
                  47      0.154810447468594E-00016
                  48      0.154811108462176E-00016
                  49      0.154813033374371E-00016
                  50      0.154816228043336E-00016
