                   1      0.375733819586762E-00016
                   2      0.376065888720378E-00016
                   3      0.376966764774699E-00016
                   4      0.378389594074133E-00016
                   5      0.380342672659822E-00016
                   6      0.382844666645678E-00016
                   7      0.385893895816857E-00016
                   8      0.389477083896912E-00016
                   9      0.393576361798910E-00016
                  10      0.398162534458692E-00016
                  11      0.403191573877073E-00016
                  12      0.408586060120404E-00016
                  13      0.414168217741120E-00016
                  14      0.419444278994773E-00016
                  15      0.422999479977231E-00016
                  16      0.425542745241698E-00016
                  17      0.427808068701355E-00016
                  18      0.429873217532188E-00016
                  19      0.431810818655712E-00016
                  20      0.433717046172924E-00016
                  21      0.435611821716617E-00016
                  22      0.437399692969477E-00016
                  23      0.438944384620412E-00016
                  24      0.440145198185147E-00016
                  25      0.440925597070385E-00016
                  26      0.441234060201621E-00016
                  27      0.441105565738735E-00016
                  28      0.440528934234505E-00016
                  29      0.439566663484846E-00016
                  30      0.438370876962751E-00016
                  31      0.437123952068646E-00016
                  32      0.436014251970828E-00016
                  33      0.435025547166885E-00016
                  34      0.433766258154162E-00016
                  35      0.431448570130728E-00016
                  36      0.427520318304055E-00016
                  37      0.422351705991795E-00016
                  38      0.416598878405202E-00016
                  39      0.410745454952756E-00016
                  40      0.405077932176761E-00016
                  41      0.399757328879554E-00016
                  42      0.394877101014908E-00016
                  43      0.390495818988063E-00016
                  44      0.386652223654019E-00016
                  45      0.383374602178954E-00016
                  46      0.380686993046454E-00016
                  47      0.378574526021591E-00016
                  48      0.377039960121874E-00016
                  49      0.376112700033229E-00016
                  50      0.375868654101291E-00016
