                   1      0.375733819651969E-00016
                   2      0.376062677027922E-00016
                   3      0.376953688706952E-00016
                   4      0.378368782183792E-00016
                   5      0.380305909474505E-00016
                   6      0.382774238443791E-00016
                   7      0.385789036233582E-00016
                   8      0.389343764194918E-00016
                   9      0.393413878269038E-00016
                  10      0.397972859482404E-00016
                  11      0.402979041446769E-00016
                  12      0.408361374743065E-00016
                  13      0.413969178814212E-00016
                  14      0.419319899575816E-00016
                  15      0.422988608318811E-00016
                  16      0.425610548512367E-00016
                  17      0.427840371680787E-00016
                  18      0.429900083968859E-00016
                  19      0.431857374453504E-00016
                  20      0.433765668911427E-00016
                  21      0.435645129163713E-00016
                  22      0.437409746631681E-00016
                  23      0.438938327027926E-00016
                  24      0.440123857538044E-00016
                  25      0.440886582669024E-00016
                  26      0.441176664495540E-00016
                  27      0.441026528567475E-00016
                  28      0.440433019386181E-00016
                  29      0.439461273731369E-00016
                  30      0.438246062960621E-00016
                  31      0.436956814296325E-00016
                  32      0.435816569099123E-00016
                  33      0.434816907868362E-00016
                  34      0.433483970680699E-00016
                  35      0.431097436728897E-00016
                  36      0.427127793586140E-00016
                  37      0.421944426676060E-00016
                  38      0.416192951814087E-00016
                  39      0.410357351812337E-00016
                  40      0.404719637252907E-00016
                  41      0.399436036127533E-00016
                  42      0.394597073731875E-00016
                  43      0.390259446804381E-00016
                  44      0.386461343640529E-00016
                  45      0.383234494599562E-00016
                  46      0.380582132812435E-00016
                  47      0.378495712130474E-00016
                  48      0.376993792092201E-00016
                  49      0.376091642901801E-00016
                  50      0.375872080010693E-00016
