                   1      0.786005619138959E-00017
                   2      0.785914558574971E-00017
                   3      0.785702264709719E-00017
                   4      0.785312298928983E-00017
                   5      0.784665945369822E-00017
                   6      0.783656492925218E-00017
                   7      0.782153368621079E-00017
                   8      0.780015855794880E-00017
                   9      0.777116456476676E-00017
                  10      0.773370184539700E-00017
                  11      0.768761278810746E-00017
                  12      0.763357589175879E-00017
                  13      0.757307662641574E-00017
                  14      0.750823464718845E-00017
                  15      0.744157092037955E-00017
                  16      0.737579331825394E-00017
                  17      0.731363308652582E-00017
                  18      0.725772536960962E-00017
                  19      0.721048426508491E-00017
                  20      0.717393251545954E-00017
                  21      0.714960448572973E-00017
                  22      0.713819582709227E-00017
                  23      0.713994000881908E-00017
                  24      0.715324843646609E-00017
                  25      0.717629763298007E-00017
                  26      0.720667746084357E-00017
                  27      0.724162503151219E-00017
                  28      0.727843974599854E-00017
                  29      0.731470254693226E-00017
                  30      0.734838787067122E-00017
                  31      0.737847243870705E-00017
                  32      0.740668592206799E-00017
                  33      0.743835793395855E-00017
                  34      0.747812317422473E-00017
                  35      0.752617861891015E-00017
                  36      0.758011707554763E-00017
                  37      0.763675102305214E-00017
                  38      0.769268077201789E-00017
                  39      0.774470175714368E-00017
                  40      0.779012457627229E-00017
                  41      0.782697670619167E-00017
                  42      0.785412769232978E-00017
                  43      0.787135097147124E-00017
                  44      0.787932367869763E-00017
                  45      0.787957001124593E-00017
                  46      0.787438879641143E-00017
                  47      0.786667019004934E-00017
                  48      0.785970293967567E-00017
                  49      0.785681166870874E-00017
                  50      0.785848726454995E-00017
