                   1      0.713645628492456E-00017
                   2      0.731918117915779E-00017
                   3      0.734470919416902E-00017
                   4      0.736723489190242E-00017
                   5      0.738671936758970E-00017
                   6      0.740274052662500E-00017
                   7      0.741496706253928E-00017
                   8      0.742304008934350E-00017
                   9      0.742697175651182E-00017
                  10      0.742907141007474E-00017
                  11      0.742951550606066E-00017
                  12      0.742966602213635E-00017
                  13      0.742967556782163E-00017
                  14      0.742967579592643E-00017
                  15      0.742967416201933E-00017
                  16      0.742961764921758E-00017
                  17      0.742822397286537E-00017
                  18      0.743069478244600E-00017
                  19      0.743820530477426E-00017
                  20      0.744665627933910E-00017
                  21      0.754522519649323E-00017
                  22      0.760800276705023E-00017
                  23      0.764138178469771E-00017
                  24      0.766750293508478E-00017
                  25      0.769173167138900E-00017
                  26      0.771385810007595E-00017
                  27      0.773362448309854E-00017
                  28      0.775097817294688E-00017
                  29      0.776595960005981E-00017
                  30      0.777869396240522E-00017
                  31      0.778936844882306E-00017
                  32      0.779820565496231E-00017
                  33      0.780544382303401E-00017
                  34      0.781132844217812E-00017
                  35      0.781612307653851E-00017
                  36      0.782015952140534E-00017
                  37      0.782396566281305E-00017
                  38      0.782850912163270E-00017
                  39      0.783526912466822E-00017
                  40      0.784447819982092E-00017
                  41      0.785265559766208E-00017
                  42      0.785744728984189E-00017
                  43      0.785907697102093E-00017
                  44      0.785975853239753E-00017
                  45      0.785995707452257E-00017
                  46      0.786002652625630E-00017
                  47      0.786004413795825E-00017
                  48      0.786004649753558E-00017
                  49      0.786004689285496E-00017
                  50      0.786005619117290E-00017
