                   1      0.713642877865083E-00017
                   2      0.713819969807828E-00017
                   3      0.714266121263164E-00017
                   4      0.714956357315467E-00017
                   5      0.715871389144109E-00017
                   6      0.716989522333357E-00017
                   7      0.718287648392030E-00017
                   8      0.719741534364919E-00017
                   9      0.721325878060406E-00017
                  10      0.723014360471165E-00017
                  11      0.724779788783727E-00017
                  12      0.726594319912138E-00017
                  13      0.728429727949698E-00017
                  14      0.730257694585583E-00017
                  15      0.732050123730292E-00017
                  16      0.733779491392382E-00017
                  17      0.735419223716281E-00017
                  18      0.736944069657294E-00017
                  19      0.738330443349610E-00017
                  20      0.739556746830405E-00017
                  21      0.740603695160892E-00017
                  22      0.741454644208104E-00017
                  23      0.742095896404260E-00017
                  24      0.742516910881317E-00017
                  25      0.742710219387702E-00017
                  26      0.742709062881300E-00017
                  27      0.742513296863730E-00017
                  28      0.742090378271579E-00017
                  29      0.741447315935506E-00017
                  30      0.740594560536985E-00017
                  31      0.739545775650666E-00017
                  32      0.738317608016869E-00017
                  33      0.736929378398876E-00017
                  34      0.735402742965377E-00017
                  35      0.733761344890505E-00017
                  36      0.732030460615319E-00017
                  37      0.730236641461887E-00017
                  38      0.728407356597680E-00017
                  39      0.726570647547926E-00017
                  40      0.724754804141996E-00017
                  41      0.722988064675939E-00017
                  42      0.721298329269135E-00017
                  43      0.719712876891973E-00017
                  44      0.718258113127790E-00017
                  45      0.716959411086876E-00017
                  46      0.715841064988345E-00017
                  47      0.714926237891213E-00017
                  48      0.714236650147244E-00017
                  49      0.713791572517524E-00017
                  50      0.713615968855171E-00017
