                   1      0.240325439283926E-00016
                   2      0.240409166773955E-00016
                   3      0.240647961135736E-00016
                   4      0.241023176455912E-00016
                   5      0.241520983095005E-00016
                   6      0.242132549218931E-00016
                   7      0.242867758354115E-00016
                   8      0.243716748550142E-00016
                   9      0.244675741774499E-00016
                  10      0.245729756018426E-00016
                  11      0.246864631211105E-00016
                  12      0.248062889240148E-00016
                  13      0.249305657790293E-00016
                  14      0.250572473572580E-00016
                  15      0.251843012607230E-00016
                  16      0.253096910821423E-00016
                  17      0.254311556805700E-00016
                  18      0.255462671448656E-00016
                  19      0.256526428585566E-00016
                  20      0.257481476135786E-00016
                  21      0.258310118170020E-00016
                  22      0.258998309435728E-00016
                  23      0.259535014131292E-00016
                  24      0.259911514643366E-00016
                  25      0.260121829664148E-00016
                  26      0.260169769285255E-00016
                  27      0.260051894910087E-00016
                  28      0.259765729011598E-00016
                  29      0.259308952308754E-00016
                  30      0.258687003509304E-00016
                  31      0.257908388890639E-00016
                  32      0.256986204290858E-00016
                  33      0.255938086713662E-00016
                  34      0.254785688180043E-00016
                  35      0.253553746269238E-00016
                  36      0.252268815224962E-00016
                  37      0.250957944020868E-00016
                  38      0.249648461163912E-00016
                  39      0.248368180563589E-00016
                  40      0.247135862342528E-00016
                  41      0.245967678957783E-00016
                  42      0.244891284933360E-00016
                  43      0.243905185977242E-00016
                  44      0.243030388894794E-00016
                  45      0.242262811074855E-00016
                  46      0.241629508844048E-00016
                  47      0.241117443472541E-00016
                  48      0.240741847943507E-00016
                  49      0.240572340813291E-00016
                  50      0.240629118012676E-00016
