                   1      0.240325439254334E-00016
                   2      0.241746797402076E-00016
                   3      0.242743832954580E-00016
                   4      0.244009203120284E-00016
                   5      0.245411958254803E-00016
                   6      0.246790577333930E-00016
                   7      0.248103748370448E-00016
                   8      0.249355463090206E-00016
                   9      0.250567286200692E-00016
                  10      0.251745245854404E-00016
                  11      0.252903009403539E-00016
                  12      0.254041234751744E-00016
                  13      0.255147932907204E-00016
                  14      0.256200078291261E-00016
                  15      0.257166416840458E-00016
                  16      0.258015302954137E-00016
                  17      0.258727230565688E-00016
                  18      0.259293249981631E-00016
                  19      0.259709138613313E-00016
                  20      0.259974827982720E-00016
                  21      0.260102431568187E-00016
                  22      0.260134138568596E-00016
                  23      0.260135944801205E-00016
                  24      0.260136010430396E-00016
                  25      0.260136085493641E-00016
                  26      0.260136108950018E-00016
                  27      0.260136067020480E-00016
                  28      0.260135890415375E-00016
                  29      0.260134553736193E-00016
                  30      0.260116339343038E-00016
                  31      0.260032912433280E-00016
                  32      0.259835982605308E-00016
                  33      0.259499815031613E-00016
                  34      0.259015130600486E-00016
                  35      0.258381201156679E-00016
                  36      0.257602173563486E-00016
                  37      0.256686338660918E-00016
                  38      0.255646534780374E-00016
                  39      0.254500307372592E-00016
                  40      0.253269023994710E-00016
                  41      0.251974834311590E-00016
                  42      0.250640529671952E-00016
                  43      0.249286018590587E-00016
                  44      0.247907010979171E-00016
                  45      0.246549699260920E-00016
                  46      0.245073415823805E-00016
                  47      0.243488010886280E-00016
                  48      0.241924998743982E-00016
                  49      0.240701502533704E-00016
                  50      0.240661663365289E-00016
