                   1      0.157976681353952E-00016
                   2      0.157987295071756E-00016
                   3      0.158025014573400E-00016
                   4      0.158087614886051E-00016
                   5      0.158173631835569E-00016
                   6      0.158280710328962E-00016
                   7      0.158405836077899E-00016
                   8      0.158545759808240E-00016
                   9      0.158697170091740E-00016
                  10      0.158856833468287E-00016
                  11      0.159021804109464E-00016
                  12      0.159189426361818E-00016
                  13      0.159357511150826E-00016
                  14      0.159524342130633E-00016
                  15      0.159688385513102E-00016
                  16      0.159672670338911E-00016
                  17      0.159677261339819E-00016
                  18      0.159699596964620E-00016
                  19      0.159736276934542E-00016
                  20      0.159784466884710E-00016
                  21      0.159841954740786E-00016
                  22      0.159907219966651E-00016
                  23      0.159980553675213E-00016
                  24      0.160074578392753E-00016
                  25      0.160213057001315E-00016
                  26      0.160382668693512E-00016
                  27      0.160552674522726E-00016
                  28      0.160712731181714E-00016
                  29      0.160860051445535E-00016
                  30      0.160992660917684E-00016
                  31      0.161109111490272E-00016
                  32      0.161208567351181E-00016
                  33      0.161290670982980E-00016
                  34      0.161355256843012E-00016
                  35      0.161402435878960E-00016
                  36      0.161432708572216E-00016
                  37      0.161447061988852E-00016
                  38      0.161446917578192E-00016
                  39      0.161433961081818E-00016
                  40      0.161410177491993E-00016
                  41      0.161377959190026E-00016
                  42      0.161339808698091E-00016
                  43      0.161298237422664E-00016
                  44      0.161255837118769E-00016
                  45      0.161215141441473E-00016
                  46      0.161178430533706E-00016
                  47      0.161147728787722E-00016
                  48      0.161124791180480E-00016
                  49      0.161111192269945E-00016
                  50      0.161108863517411E-00016
