                   1      0.161105984945752E-00016
                   2      0.161307358748882E-00016
                   3      0.161365369745942E-00016
                   4      0.161413221184307E-00016
                   5      0.161444402932733E-00016
                   6      0.161457941878865E-00016
                   7      0.161463675899168E-00016
                   8      0.161466061853885E-00016
                   9      0.161466724777070E-00016
                  10      0.161467791986194E-00016
                  11      0.161468272366000E-00016
                  12      0.161468782100320E-00016
                  13      0.161469154098349E-00016
                  14      0.161468867205392E-00016
                  15      0.161466208897639E-00016
                  16      0.161454903383356E-00016
                  17      0.161424794736511E-00016
                  18      0.161345796614966E-00016
                  19      0.161095491098508E-00016
                  20      0.160674367041060E-00016
                  21      0.160271876009839E-00016
                  22      0.160137408091789E-00016
                  23      0.160783833614575E-00016
                  24      0.160984300421335E-00016
                  25      0.161141019849565E-00016
                  26      0.161267794715706E-00016
                  27      0.161370001369298E-00016
                  28      0.161451861606379E-00016
                  29      0.161515594536860E-00016
                  30      0.161563336120980E-00016
                  31      0.161596283131226E-00016
                  32      0.161615993169305E-00016
                  33      0.161624304326445E-00016
                  34      0.161623427400758E-00016
                  35      0.161620134215257E-00016
                  36      0.161611575574043E-00016
                  37      0.161599357143245E-00016
                  38      0.161650792715667E-00016
                  39      0.161715840883752E-00016
                  40      0.161724073612592E-00016
                  41      0.161777730177404E-00016
                  42      0.161777729806801E-00016
                  43      0.161777645502297E-00016
                  44      0.161650713577636E-00016
                  45      0.161600419040866E-00016
                  46      0.161563659906862E-00016
                  47      0.161524112503837E-00016
                  48      0.161480019884701E-00016
                  49      0.161210320789149E-00016
                  50      0.161296496016381E-00016
