                   1      0.158126435244594E-00016
                   2      0.158088855277040E-00016
                   3      0.158155023997696E-00016
                   4      0.158264407592439E-00016
                   5      0.158411185503628E-00016
                   6      0.158588142638766E-00016
                   7      0.158787044266399E-00016
                   8      0.159000243787974E-00016
                   9      0.159220841171799E-00016
                  10      0.159443048724395E-00016
                  11      0.159662807781535E-00016
                  12      0.159876885977512E-00016
                  13      0.160082438048014E-00016
                  14      0.160278575249932E-00016
                  15      0.160463585470739E-00016
                  16      0.160636334220254E-00016
                  17      0.160796308908125E-00016
                  18      0.160942053377650E-00016
                  19      0.161072731575084E-00016
                  20      0.161187183290172E-00016
                  21      0.161284549588656E-00016
                  22      0.161363576560521E-00016
                  23      0.161423855395527E-00016
                  24      0.161464424212644E-00016
                  25      0.161484769842146E-00016
                  26      0.161484716224130E-00016
                  27      0.161464321864932E-00016
                  28      0.161423805338681E-00016
                  29      0.161363658712928E-00016
                  30      0.161284467771344E-00016
                  31      0.161187052191259E-00016
                  32      0.161072619681181E-00016
                  33      0.160942679883193E-00016
                  34      0.160797053152319E-00016
                  35      0.160638380495680E-00016
                  36      0.160466953818977E-00016
                  37      0.160281955630616E-00016
                  38      0.160088462298561E-00016
                  39      0.159883559885033E-00016
                  40      0.159671637765945E-00016
                  41      0.159452676413946E-00016
                  42      0.159229436206995E-00016
                  43      0.159007557932333E-00016
                  44      0.158792880148581E-00016
                  45      0.158589982354099E-00016
                  46      0.158411946680274E-00016
                  47      0.158261436451109E-00016
                  48      0.158149128148816E-00016
                  49      0.158080061969362E-00016
                  50      0.158057700068835E-00016
