                   1      0.281805891116042E-00016
                   2      0.281936822161191E-00016
                   3      0.282302820127202E-00016
                   4      0.282872959731706E-00016
                   5      0.283629572028706E-00016
                   6      0.284577710827126E-00016
                   7      0.285715761625436E-00016
                   8      0.287036939730538E-00016
                   9      0.288537589909407E-00016
                  10      0.290216295365073E-00016
                  11      0.292047519143080E-00016
                  12      0.294012006018319E-00016
                  13      0.296084520923025E-00016
                  14      0.298234387887829E-00016
                  15      0.300426210682069E-00016
                  16      0.302619835192562E-00016
                  17      0.304770654279263E-00016
                  18      0.306831005188774E-00016
                  19      0.308752601977165E-00016
                  20      0.310489848546703E-00016
                  21      0.312003389189795E-00016
                  22      0.313262466410903E-00016
                  23      0.314244678713761E-00016
                  24      0.314933810571079E-00016
                  25      0.315318505634331E-00016
                  26      0.315400969725511E-00016
                  27      0.315189768552025E-00016
                  28      0.314658592494032E-00016
                  29      0.313808073301550E-00016
                  30      0.312650060197461E-00016
                  31      0.311207414590522E-00016
                  32      0.309514116021131E-00016
                  33      0.307613396750167E-00016
                  34      0.305554326532965E-00016
                  35      0.303388063065754E-00016
                  36      0.301164743434721E-00016
                  37      0.298931322898218E-00016
                  38      0.296730318296574E-00016
                  39      0.294599068693827E-00016
                  40      0.292569527211908E-00016
                  41      0.290670033138239E-00016
                  42      0.288929824029307E-00016
                  43      0.287356835721785E-00016
                  44      0.285961117890976E-00016
                  45      0.284764833546655E-00016
                  46      0.283748837575437E-00016
                  47      0.282959377183423E-00016
                  48      0.282378193543677E-00016
                  49      0.282082827495447E-00016
                  50      0.282123649522926E-00016
