                   1      0.281805891151517E-00016
                   2      0.281935488620060E-00016
                   3      0.282297462246995E-00016
                   4      0.282864452502091E-00016
                   5      0.283619998096323E-00016
                   6      0.284581112627917E-00016
                   7      0.285737580099940E-00016
                   8      0.287084365304614E-00016
                   9      0.288614448633336E-00016
                  10      0.290311099809168E-00016
                  11      0.292159336287590E-00016
                  12      0.294139066619781E-00016
                  13      0.296224875528712E-00016
                  14      0.298386642746456E-00016
                  15      0.300589052504137E-00016
                  16      0.302791456545178E-00016
                  17      0.304948429194865E-00016
                  18      0.307011345470184E-00016
                  19      0.308931015111192E-00016
                  20      0.310661145157958E-00016
                  21      0.312161985039836E-00016
                  22      0.313402982072129E-00016
                  23      0.314363126570155E-00016
                  24      0.315028852144053E-00016
                  25      0.315392535285173E-00016
                  26      0.315459983657381E-00016
                  27      0.315240103994419E-00016
                  28      0.314706599613975E-00016
                  29      0.313856393118721E-00016
                  30      0.312696774188725E-00016
                  31      0.311248903386313E-00016
                  32      0.309546768034587E-00016
                  33      0.307634300288989E-00016
                  34      0.305561323293242E-00016
                  35      0.303379577908748E-00016
                  36      0.301139585777613E-00016
                  37      0.298888563795187E-00016
                  38      0.296669277857415E-00016
                  39      0.294519651710153E-00016
                  40      0.292472525212986E-00016
                  41      0.290555915616646E-00016
                  42      0.288796993185105E-00016
                  43      0.287220025874187E-00016
                  44      0.285824956950274E-00016
                  45      0.284629902019111E-00016
                  46      0.283634917297705E-00016
                  47      0.282860328898240E-00016
                  48      0.282296054172411E-00016
                  49      0.282018079045529E-00016
                  50      0.282070143420531E-00016
