                   1      0.295241029178167E-00016
                   2      0.299610050648512E-00016
                   3      0.302169349196369E-00016
                   4      0.305047275092514E-00016
                   5      0.307914051701586E-00016
                   6      0.310618619322281E-00016
                   7      0.313270841466010E-00016
                   8      0.315868510825660E-00016
                   9      0.318377388129170E-00016
                  10      0.320757532227862E-00016
                  11      0.322958496907792E-00016
                  12      0.324933035512204E-00016
                  13      0.326652914244477E-00016
                  14      0.328119214640999E-00016
                  15      0.329357732388048E-00016
                  16      0.330399412032264E-00016
                  17      0.331261323341332E-00016
                  18      0.331941019211277E-00016
                  19      0.332419956987606E-00016
                  20      0.332675820492162E-00016
                  21      0.332730367260546E-00016
                  22      0.332727587390934E-00016
                  23      0.332721049678839E-00016
                  24      0.332745211085633E-00016
                  25      0.332733615840690E-00016
                  26      0.332733591158157E-00016
                  27      0.332727484382678E-00016
                  28      0.332713726431110E-00016
                  29      0.332730721671667E-00016
                  30      0.332730948240639E-00016
                  31      0.332700713412420E-00016
                  32      0.332557166812077E-00016
                  33      0.332253349705119E-00016
                  34      0.331753024556235E-00016
                  35      0.331016333034110E-00016
                  36      0.329999709673521E-00016
                  37      0.328663886031013E-00016
                  38      0.326988719650026E-00016
                  39      0.324986450859894E-00016
                  40      0.322703089300704E-00016
                  41      0.320207148742871E-00016
                  42      0.317574126547842E-00016
                  43      0.314871119084121E-00016
                  44      0.312156154250811E-00016
                  45      0.309397469096933E-00016
                  46      0.306664367597414E-00016
                  47      0.303544222888278E-00016
                  48      0.299941644325936E-00016
                  49      0.295889072558065E-00016
                  50      0.295464232026352E-00016
