                   1      0.295241029200502E-00016
                   2      0.295410714554161E-00016
                   3      0.295880437021595E-00016
                   4      0.296597999313290E-00016
                   5      0.297523883853619E-00016
                   6      0.298632113971473E-00016
                   7      0.299917388777002E-00016
                   8      0.301431533701172E-00016
                   9      0.303146277649652E-00016
                  10      0.305043220965584E-00016
                  11      0.307132035540479E-00016
                  12      0.309371916086803E-00016
                  13      0.311748309279294E-00016
                  14      0.314224699217104E-00016
                  15      0.316758952025820E-00016
                  16      0.319296761380206E-00016
                  17      0.321772286161956E-00016
                  18      0.324111276682045E-00016
                  19      0.326232795720291E-00016
                  20      0.328076927326112E-00016
                  21      0.329621936290000E-00016
                  22      0.330868931312496E-00016
                  23      0.331820729543201E-00016
                  24      0.332481791246520E-00016
                  25      0.332853156006570E-00016
                  26      0.332952018262488E-00016
                  27      0.332751242808317E-00016
                  28      0.332252732739487E-00016
                  29      0.331439597213237E-00016
                  30      0.330295905067610E-00016
                  31      0.328815271853375E-00016
                  32      0.327014946822264E-00016
                  33      0.324935895775827E-00016
                  34      0.322638662153296E-00016
                  35      0.320192384759620E-00016
                  36      0.317664651402223E-00016
                  37      0.315117018367994E-00016
                  38      0.312614384862454E-00016
                  39      0.310194978452541E-00016
                  40      0.307889425705666E-00016
                  41      0.305750462564062E-00016
                  42      0.303782454055053E-00016
                  43      0.301996097404730E-00016
                  44      0.300382862460050E-00016
                  45      0.298994509490345E-00016
                  46      0.297789549877940E-00016
                  47      0.296792566244926E-00016
                  48      0.296076460689982E-00016
                  49      0.295692255030701E-00016
                  50      0.295660813024651E-00016
