                   1      0.428131526504316E-00017
                   2      0.432691231742583E-00017
                   3      0.434966268531616E-00017
                   4      0.437260139961648E-00017
                   5      0.439403425641068E-00017
                   6      0.441256076650161E-00017
                   7      0.442691421782217E-00017
                   8      0.443618240430924E-00017
                   9      0.444005584494426E-00017
                  10      0.444036429331689E-00017
                  11      0.444036438304790E-00017
                  12      0.444036449627503E-00017
                  13      0.444036469241867E-00017
                  14      0.444036471223121E-00017
                  15      0.444007685020985E-00017
                  16      0.443632420782850E-00017
                  17      0.442725151130844E-00017
                  18      0.441309900649538E-00017
                  19      0.439471329026842E-00017
                  20      0.437315036016355E-00017
                  21      0.434926899946530E-00017
                  22      0.432068761145380E-00017
                  23      0.428276764587498E-00017
                  24      0.431857394751799E-00017
                  25      0.433359224512493E-00017
                  26      0.434536530806946E-00017
                  27      0.436831167917994E-00017
                  28      0.439607535348707E-00017
                  29      0.442513421706386E-00017
                  30      0.445419573514021E-00017
                  31      0.448225030716198E-00017
                  32      0.450843162434756E-00017
                  33      0.453207928968959E-00017
                  34      0.455276056394073E-00017
                  35      0.457025476019395E-00017
                  36      0.458450853328006E-00017
                  37      0.459557741875052E-00017
                  38      0.460357509508880E-00017
                  39      0.460867318636015E-00017
                  40      0.461094248196893E-00017
                  41      0.461094246308956E-00017
                  42      0.460783615982675E-00017
                  43      0.459058622129657E-00017
                  44      0.456202296503686E-00017
                  45      0.452195196921227E-00017
                  46      0.447490651499149E-00017
                  47      0.442663590171873E-00017
                  48      0.438155987484500E-00017
                  49      0.434250066252324E-00017
                  50      0.428056424398340E-00017
