                   1      0.428056424339766E-00017
                   2      0.431206508055588E-00017
                   3      0.433314792903385E-00017
                   4      0.435588138751905E-00017
                   5      0.437844213211436E-00017
                   6      0.439928187893766E-00017
                   7      0.441688115932301E-00017
                   8      0.442997449807285E-00017
                   9      0.443769796043318E-00017
                  10      0.444006506392532E-00017
                  11      0.444012323801047E-00017
                  12      0.444012323161987E-00017
                  13      0.444012314734833E-00017
                  14      0.443998420705164E-00017
                  15      0.443698426806066E-00017
                  16      0.442855964530046E-00017
                  17      0.441488480138277E-00017
                  18      0.439688139648349E-00017
                  19      0.437585876014988E-00017
                  20      0.435328208376855E-00017
                  21      0.433034672862679E-00017
                  22      0.430574944565816E-00017
                  23      0.428588039525228E-00017
                  24      0.431542771173170E-00017
                  25      0.433049924431292E-00017
                  26      0.433895509853556E-00017
                  27      0.435125970819308E-00017
                  28      0.437004259838562E-00017
                  29      0.439173510591199E-00017
                  30      0.441480374596401E-00017
                  31      0.443812088254944E-00017
                  32      0.446076453090392E-00017
                  33      0.448197835391429E-00017
                  34      0.450118805113551E-00017
                  35      0.451799987136600E-00017
                  36      0.453217399556647E-00017
                  37      0.454358386769049E-00017
                  38      0.455217721549175E-00017
                  39      0.455795141523547E-00017
                  40      0.456094885069790E-00017
                  41      0.456142074415990E-00017
                  42      0.456142106299692E-00017
                  43      0.454878593892077E-00017
                  44      0.452306925815553E-00017
                  45      0.448443171900706E-00017
                  46      0.443916711631972E-00017
                  47      0.439431977659303E-00017
                  48      0.435439875677960E-00017
                  49      0.432181533666381E-00017
                  50      0.428175070161191E-00017
