                   1      0.428131526413874E-00017
                   2      0.430388397041313E-00017
                   3      0.432337788616782E-00017
                   4      0.434557449170975E-00017
                   5      0.436872768990121E-00017
                   6      0.439099341938517E-00017
                   7      0.441060744829757E-00017
                   8      0.442601073114821E-00017
                   9      0.443598022575731E-00017
                  10      0.443988565287049E-00017
                  11      0.444012375305231E-00017
                  12      0.444012445518826E-00017
                  13      0.444006530717693E-00017
                  14      0.443743042735239E-00017
                  15      0.442890107984002E-00017
                  16      0.441472929282393E-00017
                  17      0.439600426036196E-00017
                  18      0.437420395533917E-00017
                  19      0.435104429839492E-00017
                  20      0.432832390882439E-00017
                  21      0.430780040884586E-00017
                  22      0.428877057744729E-00017
                  23      0.430068451784754E-00017
                  24      0.432746549065266E-00017
                  25      0.436092085636336E-00017
                  26      0.438190318187291E-00017
                  27      0.438201061693497E-00017
                  28      0.438750503212092E-00017
                  29      0.439380685507658E-00017
                  30      0.440269435040731E-00017
                  31      0.441291553416538E-00017
                  32      0.442360320709601E-00017
                  33      0.443406523133065E-00017
                  34      0.444374274874162E-00017
                  35      0.445221829668331E-00017
                  36      0.445920952425959E-00017
                  37      0.446454723769143E-00017
                  38      0.446815192775412E-00017
                  39      0.447002323355420E-00017
                  40      0.447024573151602E-00017
                  41      0.446900135798313E-00017
                  42      0.446657802474072E-00017
                  43      0.446337547154360E-00017
                  44      0.445644108737227E-00017
                  45      0.443945236453538E-00017
                  46      0.440847457261916E-00017
                  47      0.437089754684390E-00017
                  48      0.433582076441703E-00017
                  49      0.430794796705297E-00017
                  50      0.428043415403709E-00017
