                   1      0.428175070150418E-00017
                   2      0.428258693344851E-00017
                   3      0.428490448442734E-00017
                   4      0.428859287423298E-00017
                   5      0.429354004462691E-00017
                   6      0.429962309748663E-00017
                   7      0.430671095663973E-00017
                   8      0.431466566074658E-00017
                   9      0.432334355009649E-00017
                  10      0.433259605171841E-00017
                  11      0.434227058850268E-00017
                  12      0.435221177832410E-00017
                  13      0.436226295258983E-00017
                  14      0.437226794153547E-00017
                  15      0.438207298668822E-00017
                  16      0.439152864491406E-00017
                  17      0.440049161201781E-00017
                  18      0.440882643187636E-00017
                  19      0.441640713889179E-00017
                  20      0.442311895714012E-00017
                  21      0.442886004934016E-00017
                  22      0.443354311462169E-00017
                  23      0.443709669583604E-00017
                  24      0.443946620289049E-00017
                  25      0.444061421602346E-00017
                  26      0.444057532756235E-00017
                  27      0.443934447370865E-00017
                  28      0.443689367677609E-00017
                  29      0.443326029202850E-00017
                  30      0.442849910177599E-00017
                  31      0.442268176645731E-00017
                  32      0.441589576481685E-00017
                  33      0.440824308877263E-00017
                  34      0.439983873874175E-00017
                  35      0.439080906185671E-00017
                  36      0.438128998898427E-00017
                  37      0.437142522680351E-00017
                  38      0.436136444464521E-00017
                  39      0.435126147852479E-00017
                  40      0.434127256648610E-00017
                  41      0.433155461747056E-00017
                  42      0.432226351149031E-00017
                  43      0.431355247452301E-00017
                  44      0.430557065099036E-00017
                  45      0.429846198604205E-00017
                  46      0.429236431930453E-00017
                  47      0.428740822246469E-00017
                  48      0.428371567949077E-00017
                  49      0.428139775505956E-00017
                  50      0.428056424305620E-00017
