                   1      0.428131526841098E-00017
                   2      0.431963392938767E-00017
                   3      0.434147839022267E-00017
                   4      0.436420019581360E-00017
                   5      0.438615427033916E-00017
                   6      0.440576519336182E-00017
                   7      0.442168139174847E-00017
                   8      0.443288241986765E-00017
                   9      0.443881893141367E-00017
                  10      0.444011266033205E-00017
                  11      0.444012241836692E-00017
                  12      0.444012294952311E-00017
                  13      0.444012299052694E-00017
                  14      0.444012285856180E-00017
                  15      0.443922659542672E-00017
                  16      0.443404131708833E-00017
                  17      0.442362285564848E-00017
                  18      0.440838912314013E-00017
                  19      0.438920538536296E-00017
                  20      0.436709232343517E-00017
                  21      0.434297829231271E-00017
                  22      0.431685836973911E-00017
                  23      0.428474173453009E-00017
                  24      0.431437288877159E-00017
                  25      0.434024957128664E-00017
                  26      0.435643666472857E-00017
                  27      0.436688111626741E-00017
                  28      0.437562829422176E-00017
                  29      0.438977434086059E-00017
                  30      0.440619527068780E-00017
                  31      0.442312274050734E-00017
                  32      0.443956652728886E-00017
                  33      0.445490597056933E-00017
                  34      0.446875340210794E-00017
                  35      0.448088182827807E-00017
                  36      0.449117097472452E-00017
                  37      0.449955974050652E-00017
                  38      0.450601502756287E-00017
                  39      0.451052290742122E-00017
                  40      0.451309869150486E-00017
                  41      0.451381109344847E-00017
                  42      0.451223797979524E-00017
                  43      0.451223287420627E-00017
                  44      0.451222733947631E-00017
                  45      0.448250556539363E-00017
                  46      0.444615365693901E-00017
                  47      0.440662927443861E-00017
                  48      0.436774066180959E-00017
                  49      0.433313464385136E-00017
                  50      0.428175070288609E-00017
