                   1      0.428056424284242E-00017
                   2      0.428977163741480E-00017
                   3      0.431070395421661E-00017
                   4      0.433911870782542E-00017
                   5      0.437036224842212E-00017
                   6      0.439974464047791E-00017
                   7      0.442301228497670E-00017
                   8      0.443689325974159E-00017
                   9      0.444023192368059E-00017
                  10      0.443399164446669E-00017
                  11      0.441719027751611E-00017
                  12      0.439183559615774E-00017
                  13      0.436156361912242E-00017
                  14      0.433082344549516E-00017
                  15      0.430437176235419E-00017
                  16      0.428692934310791E-00017
                  17      0.428403471765199E-00017
                  18      0.429937840665590E-00017
                  19      0.432928869596571E-00017
                  20      0.436786663351688E-00017
                  21      0.440500249508740E-00017
                  22      0.442916207634638E-00017
                  23      0.444083284042583E-00017
                  24      0.444847584656992E-00017
                  25      0.445323609490316E-00017
                  26      0.445475738167168E-00017
                  27      0.445299047076781E-00017
                  28      0.444811946925304E-00017
                  29      0.443790839444117E-00017
                  30      0.440998725401581E-00017
                  31      0.436955956133231E-00017
                  32      0.432934771119108E-00017
                  33      0.429913567905018E-00017
                  34      0.428410321262710E-00017
                  35      0.428744510141030E-00017
                  36      0.430511128176614E-00017
                  37      0.433167393153614E-00017
                  38      0.436245494355232E-00017
                  39      0.439271146920734E-00017
                  40      0.441800539749491E-00017
                  41      0.443472387955537E-00017
                  42      0.444092428785232E-00017
                  43      0.443750993134918E-00017
                  44      0.442358635823529E-00017
                  45      0.440032845866737E-00017
                  46      0.437091592636534E-00017
                  47      0.433954531123477E-00017
                  48      0.431092187565153E-00017
                  49      0.428979708625291E-00017
                  50      0.428056424295689E-00017
