                   1      0.428043415535669E-00017
                   2      0.433679326334900E-00017
                   3      0.435956066737156E-00017
                   4      0.438162654073057E-00017
                   5      0.440151719742216E-00017
                   6      0.441797613496735E-00017
                   7      0.443002230542976E-00017
                   8      0.443718713697205E-00017
                   9      0.443998986691520E-00017
                  10      0.444046715630304E-00017
                  11      0.444049442154572E-00017
                  12      0.444049601547892E-00017
                  13      0.444049630903859E-00017
                  14      0.444049628764940E-00017
                  15      0.444047546784916E-00017
                  16      0.444000174831308E-00017
                  17      0.443714946196588E-00017
                  18      0.442964663330521E-00017
                  19      0.441603337739018E-00017
                  20      0.439477252248940E-00017
                  21      0.436295179091381E-00017
                  22      0.431193026533950E-00017
                  23      0.438843749938599E-00017
                  24      0.443459806634659E-00017
                  25      0.448090944907568E-00017
                  26      0.452783081882890E-00017
                  27      0.457380733329048E-00017
                  28      0.461715846691816E-00017
                  29      0.465652769820182E-00017
                  30      0.469085944863162E-00017
                  31      0.471942596842944E-00017
                  32      0.474190264792912E-00017
                  33      0.475840878392181E-00017
                  34      0.476948040437417E-00017
                  35      0.477590099517016E-00017
                  36      0.477703681662006E-00017
                  37      0.477541389446176E-00017
                  38      0.477780154490001E-00017
                  39      0.477780784852159E-00017
                  40      0.476851945958922E-00017
                  41      0.474675304368193E-00017
                  42      0.471331165507401E-00017
                  43      0.466956428293597E-00017
                  44      0.461852032843421E-00017
                  45      0.456367424254435E-00017
                  46      0.450829442170493E-00017
                  47      0.445509568272825E-00017
                  48      0.440609053733444E-00017
                  49      0.436276514185510E-00017
                  50      0.428175070483467E-00017
