                   1      0.428056424378990E-00017
                   2      0.429805248887866E-00017
                   3      0.431605914167592E-00017
                   4      0.433744281754500E-00017
                   5      0.436047294327537E-00017
                   6      0.438330256378536E-00017
                   7      0.440413115841515E-00017
                   8      0.442132504476760E-00017
                   9      0.443354227289284E-00017
                  10      0.443985422275890E-00017
                  11      0.444073421674719E-00017
                  12      0.444073429507841E-00017
                  13      0.444063508292142E-00017
                  14      0.443675500633496E-00017
                  15      0.442680047679676E-00017
                  16      0.441147741051097E-00017
                  17      0.439197513274797E-00017
                  18      0.436982278405388E-00017
                  19      0.434676985913032E-00017
                  20      0.432465490726536E-00017
                  21      0.430526827812642E-00017
                  22      0.428885013336950E-00017
                  23      0.429362895214569E-00017
                  24      0.429452661651526E-00017
                  25      0.430548398871644E-00017
                  26      0.432459057135735E-00017
                  27      0.434979565848904E-00017
                  28      0.437991547826516E-00017
                  29      0.441361484558822E-00017
                  30      0.444941070515205E-00017
                  31      0.448576873834906E-00017
                  32      0.452120290038891E-00017
                  33      0.455436569165049E-00017
                  34      0.458412724294156E-00017
                  35      0.460963166272121E-00017
                  36      0.463031786743553E-00017
                  37      0.464589694188327E-00017
                  38      0.465628850940111E-00017
                  39      0.466151464422062E-00017
                  40      0.466145562364107E-00017
                  41      0.465604443835424E-00017
                  42      0.461427314526546E-00017
                  43      0.456352833898621E-00017
                  44      0.450778538294504E-00017
                  45      0.445290461132810E-00017
                  46      0.440301973213939E-00017
                  47      0.436043462301504E-00017
                  48      0.432637476538209E-00017
                  49      0.430136282502487E-00017
                  50      0.428043415417778E-00017
