                   1      0.428056424501065E-00017
                   2      0.428785751264778E-00017
                   3      0.429327738225733E-00017
                   4      0.429964804741636E-00017
                   5      0.430695472168909E-00017
                   6      0.431509152949629E-00017
                   7      0.432392351382852E-00017
                   8      0.433330456029363E-00017
                   9      0.434308245260129E-00017
                  10      0.435310196886981E-00017
                  11      0.436320701408572E-00017
                  12      0.437324213489983E-00017
                  13      0.438305395248374E-00017
                  14      0.439249306285265E-00017
                  15      0.440141640689158E-00017
                  16      0.440968955518112E-00017
                  17      0.441718848233681E-00017
                  18      0.442380094090548E-00017
                  19      0.442942777103978E-00017
                  20      0.443398428862400E-00017
                  21      0.443740172714098E-00017
                  22      0.443962927642735E-00017
                  23      0.444064490557736E-00017
                  24      0.444072378014610E-00017
                  25      0.444073184046077E-00017
                  26      0.444073184536569E-00017
                  27      0.444072236683949E-00017
                  28      0.444066146523373E-00017
                  29      0.443970838878376E-00017
                  30      0.443755310499473E-00017
                  31      0.443420984737385E-00017
                  32      0.442972684183582E-00017
                  33      0.442417167410919E-00017
                  34      0.441762854615701E-00017
                  35      0.441019661658357E-00017
                  36      0.440198836095809E-00017
                  37      0.439312785863443E-00017
                  38      0.438374908775405E-00017
                  39      0.437399423619884E-00017
                  40      0.436401193834185E-00017
                  41      0.435395538197483E-00017
                  42      0.434398034628046E-00017
                  43      0.433424328716309E-00017
                  44      0.432489950199427E-00017
                  45      0.431610117210709E-00017
                  46      0.430799467577216E-00017
                  47      0.430071571550513E-00017
                  48      0.429437220291009E-00017
                  49      0.428898103023044E-00017
                  50      0.428175070388216E-00017
