                   1      0.428043415541145E-00017
                   2      0.432206111348539E-00017
                   3      0.434418636893378E-00017
                   4      0.436689896205389E-00017
                   5      0.438841142221609E-00017
                   6      0.440732940013090E-00017
                   7      0.442239182258747E-00017
                   8      0.443269437811385E-00017
                   9      0.443784757885455E-00017
                  10      0.443885604045257E-00017
                  11      0.443886883485821E-00017
                  12      0.443886874630815E-00017
                  13      0.443886867818831E-00017
                  14      0.443886732253884E-00017
                  15      0.443853377670367E-00017
                  16      0.443517790665883E-00017
                  17      0.442683358801677E-00017
                  18      0.441353556375632E-00017
                  19      0.439589733998395E-00017
                  20      0.437455914363351E-00017
                  21      0.435019125656549E-00017
                  22      0.432290349044611E-00017
                  23      0.428620526390998E-00017
                  24      0.431174300231204E-00017
                  25      0.433485064093828E-00017
                  26      0.435105628079493E-00017
                  27      0.437145252792804E-00017
                  28      0.439770973216581E-00017
                  29      0.442631633181843E-00017
                  30      0.445498417855479E-00017
                  31      0.448265865369039E-00017
                  32      0.450850099283770E-00017
                  33      0.453187694435498E-00017
                  34      0.455236580037625E-00017
                  35      0.456974890231327E-00017
                  36      0.458396370072225E-00017
                  37      0.459503681452908E-00017
                  38      0.460297328292626E-00017
                  39      0.460736933094631E-00017
                  40      0.460819809329396E-00017
                  41      0.460819617895684E-00017
                  42      0.460819399341723E-00017
                  43      0.458341620622267E-00017
                  44      0.455080234130907E-00017
                  45      0.451045709767466E-00017
                  46      0.446515585625042E-00017
                  47      0.441906752523118E-00017
                  48      0.437592703836209E-00017
                  49      0.433860704805367E-00017
                  50      0.428131526478623E-00017
