                   1      0.428131526657727E-00017
                   2      0.428228818297276E-00017
                   3      0.428474479037667E-00017
                   4      0.428855544477015E-00017
                   5      0.429361059892126E-00017
                   6      0.429978814506134E-00017
                   7      0.430695790240878E-00017
                   8      0.431498267271878E-00017
                   9      0.432371877916851E-00017
                  10      0.433301700190091E-00017
                  11      0.434272394226359E-00017
                  12      0.435268363883560E-00017
                  13      0.436273932119053E-00017
                  14      0.437273518906601E-00017
                  15      0.438251813559495E-00017
                  16      0.439193944422232E-00017
                  17      0.440085653145244E-00017
                  18      0.440913475167351E-00017
                  19      0.441664922316637E-00017
                  20      0.442328660274354E-00017
                  21      0.442894671607426E-00017
                  22      0.443354397862917E-00017
                  23      0.443700859691519E-00017
                  24      0.443928739457897E-00017
                  25      0.444034333598811E-00017
                  26      0.444034797390861E-00017
                  27      0.443931559168150E-00017
                  28      0.443706048222583E-00017
                  29      0.443361947840731E-00017
                  30      0.442904561421638E-00017
                  31      0.442340856148506E-00017
                  32      0.441679380912619E-00017
                  33      0.440930138921393E-00017
                  34      0.440104444939609E-00017
                  35      0.439214769508066E-00017
                  36      0.438274573577885E-00017
                  37      0.437298132020080E-00017
                  38      0.436300345677556E-00017
                  39      0.435296547393223E-00017
                  40      0.434302314039999E-00017
                  41      0.433333298396470E-00017
                  42      0.432405070041572E-00017
                  43      0.431532959023660E-00017
                  44      0.430731893025507E-00017
                  45      0.430016253041698E-00017
                  46      0.429399774252709E-00017
                  47      0.428895480519686E-00017
                  48      0.428515553510654E-00017
                  49      0.428270837489003E-00017
                  50      0.428175070355521E-00017
