                   1      0.428043415445647E-00017
                   2      0.431992365643592E-00017
                   3      0.434215893864948E-00017
                   4      0.436525954404507E-00017
                   5      0.438734232147470E-00017
                   6      0.440695474651296E-00017
                   7      0.442278908280375E-00017
                   8      0.443379686156223E-00017
                   9      0.443942222061649E-00017
                  10      0.444030586175727E-00017
                  11      0.444036585981109E-00017
                  12      0.444036622127437E-00017
                  13      0.444036629152007E-00017
                  14      0.444031074076219E-00017
                  15      0.443964590309721E-00017
                  16      0.443449740376928E-00017
                  17      0.442398586924345E-00017
                  18      0.440860641500949E-00017
                  19      0.438934792716301E-00017
                  20      0.436725110832969E-00017
                  21      0.434273769554128E-00017
                  22      0.431406056509903E-00017
                  23      0.428375382009635E-00017
                  24      0.431619408424229E-00017
                  25      0.433032118616032E-00017
                  26      0.434104377700482E-00017
                  27      0.436365912596209E-00017
                  28      0.439090519580633E-00017
                  29      0.441971206022726E-00017
                  30      0.444886818568871E-00017
                  31      0.447729855880493E-00017
                  32      0.450407177467969E-00017
                  33      0.452845209869342E-00017
                  34      0.454992948002518E-00017
                  35      0.456821275923206E-00017
                  36      0.458318947378264E-00017
                  37      0.459487336314662E-00017
                  38      0.460334511904723E-00017
                  39      0.460872410873736E-00017
                  40      0.461102621231132E-00017
                  41      0.461519264969594E-00017
                  42      0.460522825783874E-00017
                  43      0.458557991678848E-00017
                  44      0.455297257783971E-00017
                  45      0.450971409982372E-00017
                  46      0.446147515540886E-00017
                  47      0.441374733170460E-00017
                  48      0.437029417893786E-00017
                  49      0.433363241498156E-00017
                  50      0.428056424264971E-00017
