                   1      0.428175070301157E-00017
                   2      0.429053455957648E-00017
                   3      0.431181228404605E-00017
                   4      0.434106028264884E-00017
                   5      0.437324690858431E-00017
                   6      0.440322309672628E-00017
                   7      0.442631570202082E-00017
                   8      0.443893503021711E-00017
                   9      0.443998281606513E-00017
                  10      0.442966355129197E-00017
                  11      0.440833179965848E-00017
                  12      0.437926074352747E-00017
                  13      0.434695114344080E-00017
                  14      0.431651673188140E-00017
                  15      0.429305257652723E-00017
                  16      0.428137765317187E-00017
                  17      0.428902687791915E-00017
                  18      0.431053552586616E-00017
                  19      0.434326589900770E-00017
                  20      0.438621416433413E-00017
                  21      0.443632496947515E-00017
                  22      0.448941407105784E-00017
                  23      0.454111164354205E-00017
                  24      0.458733029142921E-00017
                  25      0.462464772946310E-00017
                  26      0.465053867436341E-00017
                  27      0.466228949561525E-00017
                  28      0.463599822872654E-00017
                  29      0.456564277572768E-00017
                  30      0.448697449195653E-00017
                  31      0.441419986158453E-00017
                  32      0.435463360695680E-00017
                  33      0.431203824319919E-00017
                  34      0.428775133185703E-00017
                  35      0.428185642472923E-00017
                  36      0.429353774042321E-00017
                  37      0.431681300319078E-00017
                  38      0.434707282130798E-00017
                  39      0.437923610625320E-00017
                  40      0.440818967315901E-00017
                  41      0.442943190995386E-00017
                  42      0.443970714776612E-00017
                  43      0.443863373426179E-00017
                  44      0.442607420968719E-00017
                  45      0.440315322829845E-00017
                  46      0.437336975775471E-00017
                  47      0.434126967286346E-00017
                  48      0.431192951431294E-00017
                  49      0.429048740083411E-00017
                  50      0.428175070413434E-00017
