                   1      0.428131526478953E-00017
                   2      0.428982115197288E-00017
                   3      0.431054670411899E-00017
                   4      0.433912130736951E-00017
                   5      0.437072644179825E-00017
                   6      0.440046789382031E-00017
                   7      0.442387702672556E-00017
                   8      0.443748043205233E-00017
                   9      0.443989857926260E-00017
                  10      0.443144631185571E-00017
                  11      0.441214118710732E-00017
                  12      0.438473318442699E-00017
                  13      0.435331306659021E-00017
                  14      0.432265692302374E-00017
                  15      0.429768425809886E-00017
                  16      0.428305856173623E-00017
                  17      0.428430461507835E-00017
                  18      0.430283846289173E-00017
                  19      0.433458566354470E-00017
                  20      0.436919823641095E-00017
                  21      0.439174193309600E-00017
                  22      0.441088510790447E-00017
                  23      0.443015941104413E-00017
                  24      0.444840539533994E-00017
                  25      0.446406480493148E-00017
                  26      0.447595669516942E-00017
                  27      0.448343166176679E-00017
                  28      0.448637552947184E-00017
                  29      0.448108086029064E-00017
                  30      0.443941154225383E-00017
                  31      0.438628847157238E-00017
                  32      0.433763813686745E-00017
                  33      0.430230687478043E-00017
                  34      0.428366739761782E-00017
                  35      0.428288961013241E-00017
                  36      0.429769154565036E-00017
                  37      0.432275540025782E-00017
                  38      0.435347382820587E-00017
                  39      0.438493648859190E-00017
                  40      0.441237009167990E-00017
                  41      0.443169144489746E-00017
                  42      0.444018649931660E-00017
                  43      0.443781331515658E-00017
                  44      0.442431129499658E-00017
                  45      0.440105706649411E-00017
                  46      0.437140567893476E-00017
                  47      0.433973276154070E-00017
                  48      0.431092939631446E-00017
                  49      0.428993307954809E-00017
                  50      0.428131526553253E-00017
