                   1      0.428175070048248E-00017
                   2      0.428257129944985E-00017
                   3      0.428487041480215E-00017
                   4      0.428853745846705E-00017
                   5      0.429346119207405E-00017
                   6      0.429951975022997E-00017
                   7      0.430658304068327E-00017
                   8      0.431451381809054E-00017
                   9      0.432316850800799E-00017
                  10      0.433239814910987E-00017
                  11      0.434204969792359E-00017
                  12      0.435196759757779E-00017
                  13      0.436199542883872E-00017
                  14      0.437197753833289E-00017
                  15      0.438176070197945E-00017
                  16      0.439119588408581E-00017
                  17      0.440014003776454E-00017
                  18      0.440845787457174E-00017
                  19      0.441602361679840E-00017
                  20      0.442272275450923E-00017
                  21      0.442845374358354E-00017
                  22      0.443312954215577E-00017
                  23      0.443667891956864E-00017
                  24      0.443904747486160E-00017
                  25      0.444019802036984E-00017
                  26      0.444016435531707E-00017
                  27      0.443894300166590E-00017
                  28      0.443650424393201E-00017
                  29      0.443288521179224E-00017
                  30      0.442814042789251E-00017
                  31      0.442234131827026E-00017
                  32      0.441557510945457E-00017
                  33      0.440794347285026E-00017
                  34      0.439956100209563E-00017
                  35      0.439055357457650E-00017
                  36      0.438105663256568E-00017
                  37      0.437121340772770E-00017
                  38      0.436117312147283E-00017
                  39      0.435108920330609E-00017
                  40      0.434111754403111E-00017
                  41      0.433141476528055E-00017
                  42      0.432213650749385E-00017
                  43      0.431343580916663E-00017
                  44      0.430546168646558E-00017
                  45      0.429835794265828E-00017
                  46      0.429226216193810E-00017
                  47      0.428730465875414E-00017
                  48      0.428360719608160E-00017
                  49      0.428128065752371E-00017
                  50      0.428043415442233E-00017
