                   1      0.428043415495963E-00017
                   2      0.428126551391420E-00017
                   3      0.428358003669920E-00017
                   4      0.428726790398720E-00017
                   5      0.429221757157692E-00017
                   6      0.429830711216183E-00017
                   7      0.430540662981358E-00017
                   8      0.431337900416785E-00017
                   9      0.432208058084435E-00017
                  10      0.433136213736527E-00017
                  11      0.434107021144127E-00017
                  12      0.435104867125043E-00017
                  13      0.436114043048087E-00017
                  14      0.437118919994852E-00017
                  15      0.438104123858195E-00017
                  16      0.439054710960304E-00017
                  17      0.439956343121600E-00017
                  18      0.440795460482475E-00017
                  19      0.441559453136584E-00017
                  20      0.442236832569755E-00017
                  21      0.442817398588550E-00017
                  22      0.443292393363018E-00017
                  23      0.443654636027351E-00017
                  24      0.443898630646296E-00017
                  25      0.444020601470166E-00017
                  26      0.444023435181548E-00017
                  27      0.443907709822013E-00017
                  28      0.443669956170224E-00017
                  29      0.443313864049733E-00017
                  30      0.442844878833145E-00017
                  31      0.442270137004648E-00017
                  32      0.441598356730336E-00017
                  33      0.440839703672684E-00017
                  34      0.440005641670387E-00017
                  35      0.439108770003696E-00017
                  36      0.438162650752851E-00017
                  37      0.437181629547775E-00017
                  38      0.436180654042164E-00017
                  39      0.435175092446929E-00017
                  40      0.434180558939193E-00017
                  41      0.433212739667991E-00017
                  42      0.432287223397270E-00017
                  43      0.431419337210146E-00017
                  44      0.430623995709148E-00017
                  45      0.429915574007418E-00017
                  46      0.429307814748478E-00017
                  47      0.428813750406132E-00017
                  48      0.428445605702453E-00017
                  49      0.428214538695875E-00017
                  50      0.428131526525000E-00017
