                   1      0.428175070286317E-00017
                   2      0.433638568705724E-00017
                   3      0.435905849314691E-00017
                   4      0.438109675933093E-00017
                   5      0.440096877562208E-00017
                   6      0.441734240523197E-00017
                   7      0.442940796121886E-00017
                   8      0.443673288726289E-00017
                   9      0.443981235189384E-00017
                  10      0.444045651023691E-00017
                  11      0.444050381056538E-00017
                  12      0.444050375343663E-00017
                  13      0.444050225770358E-00017
                  14      0.444049313406143E-00017
                  15      0.444038278367833E-00017
                  16      0.443940584848225E-00017
                  17      0.443557599808944E-00017
                  18      0.442723890358498E-00017
                  19      0.441398061249900E-00017
                  20      0.439607969211592E-00017
                  21      0.437386143201244E-00017
                  22      0.434678415808079E-00017
                  23      0.431120715444282E-00017
                  24      0.428773081272244E-00017
                  25      0.434014835607790E-00017
                  26      0.436999613898203E-00017
                  27      0.438770722109922E-00017
                  28      0.439785592136034E-00017
                  29      0.440445326233924E-00017
                  30      0.441033262847303E-00017
                  31      0.441902545274279E-00017
                  32      0.442874408889813E-00017
                  33      0.443796038044551E-00017
                  34      0.444613286058481E-00017
                  35      0.445305235862838E-00017
                  36      0.445867844596208E-00017
                  37      0.446303472458646E-00017
                  38      0.446615193112000E-00017
                  39      0.446804918777485E-00017
                  40      0.446874431620708E-00017
                  41      0.446828732700453E-00017
                  42      0.446565401792348E-00017
                  43      0.446669681259704E-00017
                  44      0.446670269243226E-00017
                  45      0.445585712802383E-00017
                  46      0.443968801029662E-00017
                  47      0.441662677050829E-00017
                  48      0.438690997013066E-00017
                  49      0.435375013484904E-00017
                  50      0.428056424248847E-00017
