                   1      0.428175070248397E-00017
                   2      0.434399024794790E-00017
                   3      0.436713684841504E-00017
                   4      0.438903281378237E-00017
                   5      0.440829843064751E-00017
                   6      0.442387119979907E-00017
                   7      0.443477501259264E-00017
                   8      0.444017790912175E-00017
                   9      0.444081234554214E-00017
                  10      0.444083298619578E-00017
                  11      0.444083495494834E-00017
                  12      0.444085446988891E-00017
                  13      0.444094987738569E-00017
                  14      0.444090959254416E-00017
                  15      0.444086010104296E-00017
                  16      0.444070892083185E-00017
                  17      0.443735092140045E-00017
                  18      0.442825896839350E-00017
                  19      0.441409136555424E-00017
                  20      0.439595955882682E-00017
                  21      0.432960852368123E-00017
                  22      0.437405261708764E-00017
                  23      0.443509191665230E-00017
                  24      0.448312489276166E-00017
                  25      0.453376210012616E-00017
                  26      0.458455707450263E-00017
                  27      0.463340036947165E-00017
                  28      0.467844110799894E-00017
                  29      0.471815432952731E-00017
                  30      0.475143309939734E-00017
                  31      0.477771797412886E-00017
                  32      0.479709930301780E-00017
                  33      0.481032426799340E-00017
                  34      0.481863070322392E-00017
                  35      0.482364651444076E-00017
                  36      0.482508818259640E-00017
                  37      0.482508817264391E-00017
                  38      0.482363653131749E-00017
                  39      0.482298657994409E-00017
                  40      0.481556130486519E-00017
                  41      0.479064648630040E-00017
                  42      0.474906857416063E-00017
                  43      0.469650470482926E-00017
                  44      0.463836403262260E-00017
                  45      0.457863712984605E-00017
                  46      0.452018113463869E-00017
                  47      0.446505111087987E-00017
                  48      0.441461892099581E-00017
                  49      0.437011910561295E-00017
                  50      0.428043415621816E-00017
