                   1      0.428131526592394E-00017
                   2      0.428213588678309E-00017
                   3      0.428443539883250E-00017
                   4      0.428810360897557E-00017
                   5      0.429302924454922E-00017
                   6      0.429909036465970E-00017
                   7      0.430615691744322E-00017
                   8      0.431409171542102E-00017
                   9      0.432275123230370E-00017
                  10      0.433198656913973E-00017
                  11      0.434164475565768E-00017
                  12      0.435157027183086E-00017
                  13      0.436160668163970E-00017
                  14      0.437159830061071E-00017
                  15      0.438139189348461E-00017
                  16      0.439083842328324E-00017
                  17      0.439979484530136E-00017
                  18      0.440812591028311E-00017
                  19      0.441570593597677E-00017
                  20      0.442242051162731E-00017
                  21      0.442816810760910E-00017
                  22      0.443286156574725E-00017
                  23      0.443642943011379E-00017
                  24      0.443881701746864E-00017
                  25      0.443998667941261E-00017
                  26      0.443997204245508E-00017
                  27      0.443876987126214E-00017
                  28      0.443635045286532E-00017
                  29      0.443275065572001E-00017
                  30      0.442802490546295E-00017
                  31      0.442224458031671E-00017
                  32      0.441549688964991E-00017
                  33      0.440788348463116E-00017
                  34      0.439951890205453E-00017
                  35      0.439052891145298E-00017
                  36      0.438104881228643E-00017
                  37      0.437122169945019E-00017
                  38      0.436119669940517E-00017
                  39      0.435112718801654E-00017
                  40      0.434116901803333E-00017
                  41      0.433147878175686E-00017
                  42      0.432221211674439E-00017
                  43      0.431352207234520E-00017
                  44      0.430555761614382E-00017
                  45      0.429846238376462E-00017
                  46      0.429237374841831E-00017
                  47      0.428742198825326E-00017
                  48      0.428372921311582E-00017
                  49      0.428140684022360E-00017
                  50      0.428056424270811E-00017
