                   1      0.428043415459644E-00017
                   2      0.428777436825485E-00017
                   3      0.430741727124221E-00017
                   4      0.433525764674960E-00017
                   5      0.436665628504344E-00017
                   6      0.439682200130515E-00017
                   7      0.442130055478216E-00017
                   8      0.443650810796654E-00017
                   9      0.444022455334530E-00017
                  10      0.443202488815511E-00017
                  11      0.441301803548673E-00017
                  12      0.438609992656818E-00017
                  13      0.435563118576859E-00017
                  14      0.432703289370661E-00017
                  15      0.430591861653032E-00017
                  16      0.432707386888241E-00017
                  17      0.436818716803763E-00017
                  18      0.442522078106051E-00017
                  19      0.449302683027019E-00017
                  20      0.456585348068769E-00017
                  21      0.463770928528974E-00017
                  22      0.470279674916412E-00017
                  23      0.475592842619293E-00017
                  24      0.479263685084228E-00017
                  25      0.480739186103873E-00017
                  26      0.475722173910579E-00017
                  27      0.468637633694226E-00017
                  28      0.460469224343925E-00017
                  29      0.452177205810822E-00017
                  30      0.444516065737523E-00017
                  31      0.438028397948655E-00017
                  32      0.433071054857856E-00017
                  33      0.429830886763594E-00017
                  34      0.428333532382971E-00017
                  35      0.428461971279284E-00017
                  36      0.429956001090052E-00017
                  37      0.432443517051383E-00017
                  38      0.435479476185825E-00017
                  39      0.438583180493360E-00017
                  40      0.441287551059558E-00017
                  41      0.443192901668773E-00017
                  42      0.444019096753087E-00017
                  43      0.443658499096301E-00017
                  44      0.442153296737566E-00017
                  45      0.439722422994933E-00017
                  46      0.436718238879397E-00017
                  47      0.433578953292724E-00017
                  48      0.430780487737233E-00017
                  49      0.428793088406174E-00017
                  50      0.428043415373188E-00017
