                   1      0.428175069953027E-00017
                   2      0.430720892095292E-00017
                   3      0.432738688988576E-00017
                   4      0.434989868204348E-00017
                   5      0.437295360595000E-00017
                   6      0.439480706270252E-00017
                   7      0.441376272239546E-00017
                   8      0.442834455633185E-00017
                   9      0.443743341377481E-00017
                  10      0.444062079191446E-00017
                  11      0.444074115434582E-00017
                  12      0.444074118804719E-00017
                  13      0.444073468233407E-00017
                  14      0.443924629965852E-00017
                  15      0.443236178990805E-00017
                  16      0.441971909510503E-00017
                  17      0.440222497228375E-00017
                  18      0.438122456333272E-00017
                  19      0.435833736419269E-00017
                  20      0.433536683305773E-00017
                  21      0.431428132927924E-00017
                  22      0.429414695854372E-00017
                  23      0.429924290697891E-00017
                  24      0.431842651513446E-00017
                  25      0.432590401013921E-00017
                  26      0.433025217920952E-00017
                  27      0.434368469606174E-00017
                  28      0.436156833872713E-00017
                  29      0.438270225745602E-00017
                  30      0.440581023761150E-00017
                  31      0.442973779316952E-00017
                  32      0.445343665838137E-00017
                  33      0.447599581109380E-00017
                  34      0.449667949876562E-00017
                  35      0.451494332670146E-00017
                  36      0.453042248317461E-00017
                  37      0.454289939535045E-00017
                  38      0.455226635250611E-00017
                  39      0.455849837084602E-00017
                  40      0.456164416063862E-00017
                  41      0.456184692337423E-00017
                  42      0.455445008427710E-00017
                  43      0.455231330351008E-00017
                  44      0.452219065694522E-00017
                  45      0.447566173687332E-00017
                  46      0.442655150146304E-00017
                  47      0.438128083010890E-00017
                  48      0.434296634343464E-00017
                  49      0.431305140910650E-00017
                  50      0.428131526468397E-00017
