                   1      0.428043415761082E-00017
                   2      0.428786438975957E-00017
                   3      0.429323262816211E-00017
                   4      0.429957243095907E-00017
                   5      0.430685868729082E-00017
                   6      0.431497802735958E-00017
                   7      0.432379430984981E-00017
                   8      0.433316025830658E-00017
                   9      0.434292251126675E-00017
                  10      0.435292488329365E-00017
                  11      0.436301073780039E-00017
                  12      0.437302476777322E-00017
                  13      0.438281438754077E-00017
                  14      0.439223114121006E-00017
                  15      0.440113253868941E-00017
                  16      0.440938425803037E-00017
                  17      0.441686230730000E-00017
                  18      0.442345484607796E-00017
                  19      0.442906358258565E-00017
                  20      0.443360483570559E-00017
                  21      0.443701056172717E-00017
                  22      0.443923000094662E-00017
                  23      0.444023818838974E-00017
                  24      0.444031068909271E-00017
                  25      0.444031335022515E-00017
                  26      0.444031706327876E-00017
                  27      0.444030382859425E-00017
                  28      0.444025400823236E-00017
                  29      0.443930091652447E-00017
                  30      0.443714279941187E-00017
                  31      0.443379940234102E-00017
                  32      0.442931992118139E-00017
                  33      0.442377193444372E-00017
                  34      0.441723909699402E-00017
                  35      0.440981977803886E-00017
                  36      0.440162592839465E-00017
                  37      0.439278179354741E-00017
                  38      0.438342205919748E-00017
                  39      0.437368937113630E-00017
                  40      0.436373197540216E-00017
                  41      0.435370210601053E-00017
                  42      0.434375471385712E-00017
                  43      0.433404599789944E-00017
                  44      0.432473172326410E-00017
                  45      0.431596509208483E-00017
                  46      0.430789351022565E-00017
                  47      0.430065322766087E-00017
                  48      0.429435705079108E-00017
                  49      0.428902775811378E-00017
                  50      0.428175070148348E-00017
