                   1      0.428175070261128E-00017
                   2      0.428271115630193E-00017
                   3      0.428516078596866E-00017
                   4      0.428896139593529E-00017
                   5      0.429400432999049E-00017
                   6      0.430016790935240E-00017
                   7      0.430732252160592E-00017
                   8      0.431533152210208E-00017
                   9      0.432405150629598E-00017
                  10      0.433333318142370E-00017
                  11      0.434302292716496E-00017
                  12      0.435296464235555E-00017
                  13      0.436300154361316E-00017
                  14      0.437297789433832E-00017
                  15      0.438274068418612E-00017
                  16      0.439214136719729E-00017
                  17      0.440103756773674E-00017
                  18      0.440929480054939E-00017
                  19      0.441678822477795E-00017
                  20      0.442340440218500E-00017
                  21      0.442904299920198E-00017
                  22      0.443361833824074E-00017
                  23      0.443706065630069E-00017
                  24      0.443931668853157E-00017
                  25      0.444034780568302E-00017
                  26      0.444034139860620E-00017
                  27      0.443928508020184E-00017
                  28      0.443700749621026E-00017
                  29      0.443354412321812E-00017
                  30      0.442894790217678E-00017
                  31      0.442328857212022E-00017
                  32      0.441665173825210E-00017
                  33      0.440913757619366E-00017
                  34      0.440085936764730E-00017
                  35      0.439194190523000E-00017
                  36      0.438251977440160E-00017
                  37      0.437273555968877E-00017
                  38      0.436273804859489E-00017
                  39      0.435268047748483E-00017
                  40      0.434271880013020E-00017
                  41      0.433300993040103E-00017
                  42      0.432370996117078E-00017
                  43      0.431497242878363E-00017
                  44      0.430694671664039E-00017
                  45      0.429977671741252E-00017
                  46      0.429359987815779E-00017
                  47      0.428854650563946E-00017
                  48      0.428473851564231E-00017
                  49      0.428228514287847E-00017
                  50      0.428131526550310E-00017
