                   1      0.428056424305789E-00017
                   2      0.428666576335293E-00017
                   3      0.429869060382178E-00017
                   4      0.431544708885536E-00017
                   5      0.433548843331713E-00017
                   6      0.435706584120969E-00017
                   7      0.437866265527242E-00017
                   8      0.439872002657437E-00017
                   9      0.441580492773397E-00017
                  10      0.442870367241550E-00017
                  11      0.443651286721331E-00017
                  12      0.443884262179098E-00017
                  13      0.443879492161328E-00017
                  14      0.443561265863612E-00017
                  15      0.442693843382906E-00017
                  16      0.441329734881082E-00017
                  17      0.439564176574213E-00017
                  18      0.437522138718659E-00017
                  19      0.435356723891696E-00017
                  20      0.433228912102953E-00017
                  21      0.431371484647024E-00017
                  22      0.430233739008718E-00017
                  23      0.430032241481567E-00017
                  24      0.430654649841722E-00017
                  25      0.432345826547639E-00017
                  26      0.434956669709882E-00017
                  27      0.438112834441296E-00017
                  28      0.441706881351469E-00017
                  29      0.445573858412468E-00017
                  30      0.449562283451537E-00017
                  31      0.453521594515571E-00017
                  32      0.457306891533065E-00017
                  33      0.460785002767151E-00017
                  34      0.463840846225389E-00017
                  35      0.466382660598478E-00017
                  36      0.468344994900575E-00017
                  37      0.469688388137049E-00017
                  38      0.470383760020488E-00017
                  39      0.469110343885802E-00017
                  40      0.465645891477147E-00017
                  41      0.460672304239826E-00017
                  42      0.455179729011300E-00017
                  43      0.449677393072546E-00017
                  44      0.444491756555928E-00017
                  45      0.439843687420702E-00017
                  46      0.435879851068414E-00017
                  47      0.432685567755319E-00017
                  48      0.430330067385990E-00017
                  49      0.428824400216680E-00017
                  50      0.428131526697138E-00017
