                   1      0.428043415658502E-00017
                   2      0.428137731150575E-00017
                   3      0.428380680982686E-00017
                   4      0.428758826780823E-00017
                   5      0.429261282341445E-00017
                   6      0.429875879411045E-00017
                   7      0.430589608609836E-00017
                   8      0.431388742176895E-00017
                   9      0.432258914537890E-00017
                  10      0.433185225347956E-00017
                  11      0.434152367374401E-00017
                  12      0.435144781223422E-00017
                  13      0.436146831101112E-00017
                  14      0.437142979396050E-00017
                  15      0.438117947892236E-00017
                  16      0.439056878853906E-00017
                  17      0.439945515017091E-00017
                  18      0.440770396993749E-00017
                  19      0.441519056260932E-00017
                  20      0.442180186741057E-00017
                  21      0.442743797797315E-00017
                  22      0.443201356915722E-00017
                  23      0.443545914887295E-00017
                  24      0.443772179227358E-00017
                  25      0.443876438959310E-00017
                  26      0.443876370074201E-00017
                  27      0.443772506063148E-00017
                  28      0.443546746412889E-00017
                  29      0.443202725814218E-00017
                  30      0.442745739435091E-00017
                  31      0.442182746933393E-00017
                  32      0.441522290123830E-00017
                  33      0.440774365411195E-00017
                  34      0.439950275183136E-00017
                  35      0.439062466206085E-00017
                  36      0.438124358579325E-00017
                  37      0.437150168286078E-00017
                  38      0.436154728089402E-00017
                  39      0.435153311043357E-00017
                  40      0.434161457375705E-00017
                  41      0.433194803235361E-00017
                  42      0.432268910934563E-00017
                  43      0.431399102695794E-00017
                  44      0.430600302933279E-00017
                  45      0.429886899921289E-00017
                  46      0.429272639828950E-00017
                  47      0.428770541456771E-00017
                  48      0.428392751301728E-00017
                  49      0.428150082168704E-00017
                  50      0.428056424325630E-00017
