                   1      0.428131526509901E-00017
                   2      0.428861672472129E-00017
                   3      0.429399791416522E-00017
                   4      0.430033647856707E-00017
                   5      0.430761094737449E-00017
                   6      0.431571412676061E-00017
                   7      0.432451124726118E-00017
                   8      0.433385642428693E-00017
                   9      0.434359714814677E-00017
                  10      0.435357717774646E-00017
                  11      0.436363888115983E-00017
                  12      0.437362542034462E-00017
                  13      0.438338293186954E-00017
                  14      0.439276273581555E-00017
                  15      0.440162330471117E-00017
                  16      0.440983177251981E-00017
                  17      0.441726504520451E-00017
                  18      0.442381096836508E-00017
                  19      0.442936987574384E-00017
                  20      0.443385641722477E-00017
                  21      0.443720141204230E-00017
                  22      0.443935419747161E-00017
                  23      0.444029548179411E-00017
                  24      0.444035487940831E-00017
                  25      0.444035861712408E-00017
                  26      0.444035861975128E-00017
                  27      0.444034523818723E-00017
                  28      0.444026220170660E-00017
                  29      0.443923813424936E-00017
                  30      0.443701092661632E-00017
                  31      0.443359623981060E-00017
                  32      0.442904305470623E-00017
                  33      0.442342005232355E-00017
                  34      0.441681257723680E-00017
                  35      0.440932059143197E-00017
                  36      0.440105681777480E-00017
                  37      0.439214509960348E-00017
                  38      0.438271894859614E-00017
                  39      0.437292008451099E-00017
                  40      0.436289678108874E-00017
                  41      0.435280201047266E-00017
                  42      0.434279152135304E-00017
                  43      0.433302196246019E-00017
                  44      0.432364901073410E-00017
                  45      0.431482528428821E-00017
                  46      0.430669763367713E-00017
                  47      0.429940276976853E-00017
                  48      0.429305202302256E-00017
                  49      0.428767553561364E-00017
                  50      0.428043415520004E-00017
