                   1      0.428056424208661E-00017
                   2      0.428150557140958E-00017
                   3      0.428393666498116E-00017
                   4      0.428771765216275E-00017
                   5      0.429273996677860E-00017
                   6      0.429888204946455E-00017
                   7      0.430601434816531E-00017
                   8      0.431400026797966E-00017
                   9      0.432269651860062E-00017
                  10      0.433195398956921E-00017
                  11      0.434161925219197E-00017
                  12      0.435153640619457E-00017
                  13      0.436154897124799E-00017
                  14      0.437150164043481E-00017
                  15      0.438124189577662E-00017
                  16      0.439062161961696E-00017
                  17      0.439949880717401E-00017
                  18      0.440773935602840E-00017
                  19      0.441521884049681E-00017
                  20      0.442182420429671E-00017
                  21      0.442745535526449E-00017
                  22      0.443202667379583E-00017
                  23      0.443546836267630E-00017
                  24      0.443772727031395E-00017
                  25      0.443876556775988E-00017
                  26      0.443876377027842E-00017
                  27      0.443771944060411E-00017
                  28      0.443545685337696E-00017
                  29      0.443201196518362E-00017
                  30      0.442743746798875E-00017
                  31      0.442180260800820E-00017
                  32      0.441519247641561E-00017
                  33      0.440770690190683E-00017
                  34      0.439945900097747E-00017
                  35      0.439057346017095E-00017
                  36      0.438118469498095E-00017
                  37      0.437143500569679E-00017
                  38      0.436147279737193E-00017
                  39      0.435145088295518E-00017
                  40      0.434152482178995E-00017
                  41      0.433185121794511E-00017
                  42      0.432258596454519E-00017
                  43      0.431388249081675E-00017
                  44      0.430589009691553E-00017
                  45      0.429875252149290E-00017
                  46      0.429260693625613E-00017
                  47      0.428758330179380E-00017
                  48      0.428380322546666E-00017
                  49      0.428137563653673E-00017
                  50      0.428043415496724E-00017
