                   1      0.428056424227890E-00017
                   2      0.428140743420986E-00017
                   3      0.428373089189709E-00017
                   4      0.428742487750191E-00017
                   5      0.429237725546654E-00017
                   6      0.429846540993768E-00017
                   7      0.430555924665797E-00017
                   8      0.431352194251273E-00017
                   9      0.432221040117861E-00017
                  10      0.433147597444114E-00017
                  11      0.434116568199430E-00017
                  12      0.435112376267252E-00017
                  13      0.436119340695039E-00017
                  14      0.437121855362193E-00017
                  15      0.438104569105071E-00017
                  16      0.439052563357827E-00017
                  17      0.439951527762929E-00017
                  18      0.440787936579915E-00017
                  19      0.441549225569163E-00017
                  20      0.442223962685557E-00017
                  21      0.442802005893581E-00017
                  22      0.443274647867790E-00017
                  23      0.443634747699878E-00017
                  24      0.443876839736799E-00017
                  25      0.443997176605816E-00017
                  26      0.443998691551138E-00017
                  27      0.443881848839200E-00017
                  28      0.443643273976327E-00017
                  29      0.443286671163270E-00017
                  30      0.442817480062679E-00017
                  31      0.442242828764859E-00017
                  32      0.441571426056097E-00017
                  33      0.440813426480882E-00017
                  34      0.439980277362594E-00017
                  35      0.439084553830661E-00017
                  36      0.438139786856745E-00017
                  37      0.437160287644684E-00017
                  38      0.436160970152439E-00017
                  39      0.435157172902173E-00017
                  40      0.434164481465366E-00017
                  41      0.433198553213524E-00017
                  42      0.432274946005302E-00017
                  43      0.431408954217140E-00017
                  44      0.430615460123950E-00017
                  45      0.429908809600315E-00017
                  46      0.429302719050462E-00017
                  47      0.428810193849531E-00017
                  48      0.428443423856654E-00017
                  49      0.428213534308701E-00017
                  50      0.428131526448792E-00017
