                   1      0.354756455864902E-00016
                   2      0.355035427986278E-00016
                   3      0.355803602002661E-00016
                   4      0.356985375884134E-00016
                   5      0.358571414297304E-00016
                   6      0.360577019623027E-00016
                   7      0.363010036220926E-00016
                   8      0.365851781759138E-00016
                   9      0.369096393420284E-00016
                  10      0.372728227181637E-00016
                  11      0.376709945134792E-00016
                  12      0.380992911619676E-00016
                  13      0.385503690509718E-00016
                  14      0.390117240739859E-00016
                  15      0.394611476777905E-00016
                  16      0.398613028933566E-00016
                  17      0.401659754297384E-00016
                  18      0.403903272848479E-00016
                  19      0.405736096447901E-00016
                  20      0.407276564987925E-00016
                  21      0.408651741738826E-00016
                  22      0.409920990299693E-00016
                  23      0.411049083390844E-00016
                  24      0.411945765805507E-00016
                  25      0.412510203897296E-00016
                  26      0.412682695607392E-00016
                  27      0.412534440467741E-00016
                  28      0.412050061678104E-00016
                  29      0.411279453409507E-00016
                  30      0.410291897332141E-00016
                  31      0.409130065140009E-00016
                  32      0.407753729907057E-00016
                  33      0.406019358455671E-00016
                  34      0.403698418260161E-00016
                  35      0.400559733569232E-00016
                  36      0.396622312295032E-00016
                  37      0.392155784612795E-00016
                  38      0.387472209252435E-00016
                  39      0.382809921905993E-00016
                  40      0.378330235738289E-00016
                  41      0.374133463966816E-00016
                  42      0.370282742268281E-00016
                  43      0.366815276462285E-00016
                  44      0.363758708688802E-00016
                  45      0.361143565344304E-00016
                  46      0.358967587059377E-00016
                  47      0.357225964679025E-00016
                  48      0.355927836305243E-00016
                  49      0.355174243950727E-00016
                  50      0.354986603433680E-00016
