                   1      0.354756455780051E-00016
                   2      0.355121627173534E-00016
                   3      0.356120816026413E-00016
                   4      0.357692189164430E-00016
                   5      0.359824873447369E-00016
                   6      0.362515926905160E-00016
                   7      0.365747466632792E-00016
                   8      0.369487403837551E-00016
                   9      0.373672946941176E-00016
                  10      0.378189308592568E-00016
                  11      0.382845760679569E-00016
                  12      0.387314147646444E-00016
                  13      0.387086834575889E-00016
                  14      0.387290834380342E-00016
                  15      0.387879650895093E-00016
                  16      0.388755359761353E-00016
                  17      0.389909937035985E-00016
                  18      0.391425631002254E-00016
                  19      0.393437063384793E-00016
                  20      0.396041713378085E-00016
                  21      0.398948764599868E-00016
                  22      0.401546981598933E-00016
                  23      0.403768466955511E-00016
                  24      0.405747001411248E-00016
                  25      0.407620287734760E-00016
                  26      0.409390100996127E-00016
                  27      0.410905491893787E-00016
                  28      0.411993361382561E-00016
                  29      0.412551670542236E-00016
                  30      0.412575989181135E-00016
                  31      0.412109356147608E-00016
                  32      0.411177882646892E-00016
                  33      0.409902174231764E-00016
                  34      0.408419118245746E-00016
                  35      0.406729378935249E-00016
                  36      0.404547049446306E-00016
                  37      0.401386415353694E-00016
                  38      0.397034306765347E-00016
                  39      0.391831967967915E-00016
                  40      0.386303560576925E-00016
                  41      0.380845892211707E-00016
                  42      0.375695272176866E-00016
                  43      0.370986849104098E-00016
                  44      0.366803208167638E-00016
                  45      0.363197847016574E-00016
                  46      0.360208685666144E-00016
                  47      0.357851562050148E-00016
                  48      0.356133694576300E-00016
                  49      0.355098735776350E-00016
                  50      0.354857934906765E-00016
