                   1      0.254995871422629E-00016
                   2      0.255084401216730E-00016
                   3      0.255337257699457E-00016
                   4      0.255742564564375E-00016
                   5      0.256295266381388E-00016
                   6      0.256993363926785E-00016
                   7      0.257834068109582E-00016
                   8      0.258811806292271E-00016
                   9      0.259917971450341E-00016
                  10      0.261141189211286E-00016
                  11      0.262467448505541E-00016
                  12      0.263880154157812E-00016
                  13      0.265360131101887E-00016
                  14      0.266885474679705E-00016
                  15      0.268431406402233E-00016
                  16      0.269970390554688E-00016
                  17      0.271472675240351E-00016
                  18      0.272907307849418E-00016
                  19      0.274243530675884E-00016
                  20      0.275452302393082E-00016
                  21      0.276507623131403E-00016
                  22      0.277387475237488E-00016
                  23      0.278074509337085E-00016
                  24      0.278556785720419E-00016
                  25      0.278827962308304E-00016
                  26      0.278885468054463E-00016
                  27      0.278736858989564E-00016
                  28      0.278378900021371E-00016
                  29      0.277806009076682E-00016
                  30      0.277020667222738E-00016
                  31      0.276035917918165E-00016
                  32      0.274873330395600E-00016
                  33      0.273560651269714E-00016
                  34      0.272129657741221E-00016
                  35      0.270614155437864E-00016
                  36      0.269048186258820E-00016
                  37      0.267464560956470E-00016
                  38      0.265893798131334E-00016
                  39      0.264363492395979E-00016
                  40      0.262898055910701E-00016
                  41      0.261518707653975E-00016
                  42      0.260243576537117E-00016
                  43      0.259087671815940E-00016
                  44      0.258062798163857E-00016
                  45      0.257178044427670E-00016
                  46      0.256440882354148E-00016
                  47      0.255859202922777E-00016
                  48      0.255445264204902E-00016
                  49      0.255222737653500E-00016
                  50      0.255322177163146E-00016
