                   1      0.254995871393247E-00016
                   2      0.257284661454551E-00016
                   3      0.258580879819612E-00016
                   4      0.260297602682507E-00016
                   5      0.262379982426183E-00016
                   6      0.264624821702668E-00016
                   7      0.266792384243567E-00016
                   8      0.268706778471009E-00016
                   9      0.270398858133651E-00016
                  10      0.271921689636603E-00016
                  11      0.273304007386390E-00016
                  12      0.274542772774949E-00016
                  13      0.275638989553479E-00016
                  14      0.276583315459387E-00016
                  15      0.277369684936511E-00016
                  16      0.277993204731608E-00016
                  17      0.278444043123606E-00016
                  18      0.278716226478834E-00016
                  19      0.278819535540758E-00016
                  20      0.278828570214288E-00016
                  21      0.278829124220405E-00016
                  22      0.278828794557405E-00016
                  23      0.278834572303433E-00016
                  24      0.278834805733261E-00016
                  25      0.278835094335403E-00016
                  26      0.278835117184011E-00016
                  27      0.278830894402448E-00016
                  28      0.278854573042942E-00016
                  29      0.278855333771985E-00016
                  30      0.278839845255721E-00016
                  31      0.278835743309839E-00016
                  32      0.278811929012494E-00016
                  33      0.278694610514925E-00016
                  34      0.278419536706951E-00016
                  35      0.277961847877817E-00016
                  36      0.277310627106617E-00016
                  37      0.276464109080983E-00016
                  38      0.275425762239207E-00016
                  39      0.274201816144336E-00016
                  40      0.272811069369365E-00016
                  41      0.271264883092548E-00016
                  42      0.269568524107628E-00016
                  43      0.267734684865823E-00016
                  44      0.265661241238554E-00016
                  45      0.263463630022213E-00016
                  46      0.261265289840081E-00016
                  47      0.259198474859722E-00016
                  48      0.257206952085567E-00016
                  49      0.255074462816971E-00016
                  50      0.255080078313892E-00016
