                   1      0.429742127173068E-00016
                   2      0.430325519659397E-00016
                   3      0.432027111736186E-00016
                   4      0.434872763974405E-00016
                   5      0.438890066078288E-00016
                   6      0.444076243873439E-00016
                   7      0.450424788882658E-00016
                   8      0.457924613113200E-00016
                   9      0.466543768037267E-00016
                  10      0.476238841801374E-00016
                  11      0.486857790127342E-00016
                  12      0.490262696692628E-00016
                  13      0.495916502304916E-00016
                  14      0.501364312621085E-00016
                  15      0.505397416403260E-00016
                  16      0.508564432841057E-00016
                  17      0.511629938966978E-00016
                  18      0.514739519194791E-00016
                  19      0.517688362320763E-00016
                  20      0.520453327699715E-00016
                  21      0.523073609487886E-00016
                  22      0.525557001529861E-00016
                  23      0.527862949813545E-00016
                  24      0.529864051343560E-00016
                  25      0.531310551760724E-00016
                  26      0.531913213600180E-00016
                  27      0.531596194238144E-00016
                  28      0.530383052290005E-00016
                  29      0.528532471205313E-00016
                  30      0.526318306796416E-00016
                  31      0.523947740819912E-00016
                  32      0.522152488068639E-00016
                  33      0.523137141646026E-00016
                  34      0.526378721576136E-00016
                  35      0.528449430669262E-00016
                  36      0.527669808694927E-00016
                  37      0.524129840112673E-00016
                  38      0.516938510769633E-00016
                  39      0.504482950583909E-00016
                  40      0.492134768045162E-00016
                  41      0.480566828704703E-00016
                  42      0.470020488489022E-00016
                  43      0.460610181725774E-00016
                  44      0.452405152648786E-00016
                  45      0.445451469274238E-00016
                  46      0.439774723546520E-00016
                  47      0.435383419210006E-00016
                  48      0.432272023398211E-00016
                  49      0.430436399296016E-00016
                  50      0.430054128221771E-00016
