                   1      0.429742127157102E-00016
                   2      0.430477604380120E-00016
                   3      0.432684678122716E-00016
                   4      0.436343404473204E-00016
                   5      0.441423308235331E-00016
                   6      0.447884512187169E-00016
                   7      0.455672321478628E-00016
                   8      0.464708609900788E-00016
                   9      0.474733336361929E-00016
                  10      0.474786137707575E-00016
                  11      0.475581101263783E-00016
                  12      0.477277730727207E-00016
                  13      0.479603667823052E-00016
                  14      0.482855186835596E-00016
                  15      0.487983046721890E-00016
                  16      0.494363916370848E-00016
                  17      0.497235217425731E-00016
                  18      0.502714745698278E-00016
                  19      0.507243348158048E-00016
                  20      0.509382860268911E-00016
                  21      0.510744649694451E-00016
                  22      0.514256193851588E-00016
                  23      0.517696591916629E-00016
                  24      0.520852928754231E-00016
                  25      0.523845261297856E-00016
                  26      0.526654688048403E-00016
                  27      0.529173588548389E-00016
                  28      0.531081061502039E-00016
                  29      0.531978576249090E-00016
                  30      0.531637725406582E-00016
                  31      0.530159485609363E-00016
                  32      0.527814519349741E-00016
                  33      0.525143740293839E-00016
                  34      0.523482516626869E-00016
                  35      0.527854118843470E-00016
                  36      0.532534012846601E-00016
                  37      0.534298386604071E-00016
                  38      0.532243167584816E-00016
                  39      0.524107451734136E-00016
                  40      0.510880039732409E-00016
                  41      0.496477314153339E-00016
                  42      0.482886139428761E-00016
                  43      0.470584841132675E-00016
                  44      0.459784073376042E-00016
                  45      0.450583808882188E-00016
                  46      0.443053580802337E-00016
                  47      0.437221571408656E-00016
                  48      0.433084599336951E-00016
                  49      0.430625321606583E-00016
                  50      0.430096080968446E-00016
