                   1      0.749263107293876E-00017
                   2      0.749447488847846E-00017
                   3      0.749919922162279E-00017
                   4      0.750651532694865E-00017
                   5      0.751621841584621E-00017
                   6      0.752807780885119E-00017
                   7      0.754184748465020E-00017
                   8      0.755727084548874E-00017
                   9      0.757408132599494E-00017
                  10      0.759200211461228E-00017
                  11      0.761074678150358E-00017
                  12      0.763002125695592E-00017
                  13      0.764952675336200E-00017
                  14      0.766896312818647E-00017
                  15      0.768803239196118E-00017
                  16      0.770644229030395E-00017
                  17      0.772390993826738E-00017
                  18      0.774016556148686E-00017
                  19      0.775495633330879E-00017
                  20      0.776805026224196E-00017
                  21      0.777924004279520E-00017
                  22      0.778834674296869E-00017
                  23      0.779522312606661E-00017
                  24      0.779975601398130E-00017
                  25      0.780186791755882E-00017
                  26      0.780189603674823E-00017
                  27      0.779987217880829E-00017
                  28      0.779543242187085E-00017
                  29      0.778864821484299E-00017
                  30      0.777963100778755E-00017
                  31      0.776852737827599E-00017
                  32      0.775551627287177E-00017
                  33      0.774080534756634E-00017
                  34      0.772462696693502E-00017
                  35      0.770723409885426E-00017
                  36      0.768889630891132E-00017
                  37      0.766989598447423E-00017
                  38      0.765052480275215E-00017
                  39      0.763108032890158E-00017
                  40      0.761186260177814E-00017
                  41      0.759317067700549E-00017
                  42      0.757529927493851E-00017
                  43      0.755853585160682E-00017
                  44      0.754315851986404E-00017
                  45      0.752943507732862E-00017
                  46      0.751762268643857E-00017
                  47      0.750796676155123E-00017
                  48      0.750069643222373E-00017
                  49      0.749601494725086E-00017
                  50      0.749420950328673E-00017
