                   1      0.104174778124702E-00017
                   2      0.104190820887566E-00017
                   3      0.104237406079903E-00017
                   4      0.104312027949441E-00017
                   5      0.104412346186141E-00017
                   6      0.104535806847232E-00017
                   7      0.104679678859263E-00017
                   8      0.104841072536041E-00017
                   9      0.105016964820413E-00017
                  10      0.105204233875784E-00017
                  11      0.105399698077789E-00017
                  12      0.105600153033161E-00017
                  13      0.105802405256870E-00017
                  14      0.106003305707015E-00017
                  15      0.106199784668728E-00017
                  16      0.106388886524134E-00017
                  17      0.106567802951190E-00017
                  18      0.106733905333066E-00017
                  19      0.106884775718694E-00017
                  20      0.107018234339490E-00017
                  21      0.107132364483622E-00017
                  22      0.107225535381954E-00017
                  23      0.107296421605452E-00017
                  24      0.107344017355216E-00017
                  25      0.107367637572421E-00017
                  26      0.107367897396600E-00017
                  27      0.107344823567182E-00017
                  28      0.107297776618249E-00017
                  29      0.107227439984351E-00017
                  30      0.107134819773893E-00017
                  31      0.107021241302315E-00017
                  32      0.106888334028532E-00017
                  33      0.106738012585492E-00017
                  34      0.106572455026808E-00017
                  35      0.106394077686357E-00017
                  36      0.106205506643391E-00017
                  37      0.106009547418132E-00017
                  38      0.105809153512160E-00017
                  39      0.105607393506219E-00017
                  40      0.105407417041708E-00017
                  41      0.105212419799643E-00017
                  42      0.105025607615989E-00017
                  43      0.104850160989277E-00017
                  44      0.104689200079860E-00017
                  45      0.104545748450850E-00017
                  46      0.104422698384785E-00017
                  47      0.104322784444759E-00017
                  48      0.104248562489029E-00017
                  49      0.104202373827469E-00017
                  50      0.104186696307518E-00017
