                   1      0.104186696253282E-00017
                   2      0.104216526926620E-00017
                   3      0.104275473823140E-00017
                   4      0.104360886793540E-00017
                   5      0.104470860731994E-00017
                   6      0.104602917245530E-00017
                   7      0.104754317399972E-00017
                   8      0.104922146230932E-00017
                   9      0.105103359432020E-00017
                  10      0.105294824213173E-00017
                  11      0.105493357878709E-00017
                  12      0.105695763289987E-00017
                  13      0.105898865390489E-00017
                  14      0.106099549466250E-00017
                  15      0.106294793937993E-00017
                  16      0.106481699528119E-00017
                  17      0.106657522340187E-00017
                  18      0.106819707591426E-00017
                  19      0.106965917608186E-00017
                  20      0.107094057902887E-00017
                  21      0.107202305202473E-00017
                  22      0.107289131781687E-00017
                  23      0.107353319989345E-00017
                  24      0.107393963781211E-00017
                  25      0.107410470038615E-00017
                  26      0.107410712486880E-00017
                  27      0.107395660599136E-00017
                  28      0.107356482253975E-00017
                  29      0.107293742062568E-00017
                  30      0.107208348616619E-00017
                  31      0.107101523546408E-00017
                  32      0.106974795588129E-00017
                  33      0.106829983944918E-00017
                  34      0.106669174471886E-00017
                  35      0.106494696152554E-00017
                  36      0.106309097330651E-00017
                  37      0.106115116076924E-00017
                  38      0.105915647747923E-00017
                  39      0.105713713605739E-00017
                  40      0.105512427878862E-00017
                  41      0.105314962035228E-00017
                  42      0.105124508895912E-00017
                  43      0.104944248117922E-00017
                  44      0.104777310583652E-00017
                  45      0.104626738234808E-00017
                  46      0.104495440505619E-00017
                  47      0.104386146321002E-00017
                  48      0.104301317167261E-00017
                  49      0.104242827783205E-00017
                  50      0.104213864958534E-00017
