                   1      0.104174778114132E-00017
                   2      0.104203211000649E-00017
                   3      0.104261133148656E-00017
                   4      0.104345496321505E-00017
                   5      0.104454392115002E-00017
                   6      0.104585343018057E-00017
                   7      0.104735609521540E-00017
                   8      0.104902277665655E-00017
                   9      0.105082309171934E-00017
                  10      0.105272580470504E-00017
                  11      0.105469918339066E-00017
                  12      0.105671135797630E-00017
                  13      0.105873067712423E-00017
                  14      0.106072604742399E-00017
                  15      0.106266726131532E-00017
                  16      0.106452533617588E-00017
                  17      0.106627286435198E-00017
                  18      0.106788434320203E-00017
                  19      0.106933646401851E-00017
                  20      0.107060836576264E-00017
                  21      0.107168186582489E-00017
                  22      0.107254166964964E-00017
                  23      0.107317554792015E-00017
                  24      0.107357443354322E-00017
                  25      0.107373269034252E-00017
                  26      0.107373281120573E-00017
                  27      0.107357767916219E-00017
                  28      0.107318166587097E-00017
                  29      0.107255063655068E-00017
                  30      0.107169364602251E-00017
                  31      0.107062287048293E-00017
                  32      0.106935355941362E-00017
                  33      0.106790386556030E-00017
                  34      0.106629463011623E-00017
                  35      0.106454914574587E-00017
                  36      0.106269289856835E-00017
                  37      0.106075328453423E-00017
                  38      0.105875928781757E-00017
                  39      0.105674111691370E-00017
                  40      0.105472983797934E-00017
                  41      0.105275705420538E-00017
                  42      0.105085460380083E-00017
                  43      0.104905422568887E-00017
                  44      0.104738720239982E-00017
                  45      0.104588397690120E-00017
                  46      0.104457370865189E-00017
                  47      0.104348373756980E-00017
                  48      0.104263864004798E-00017
                  49      0.104205679014990E-00017
                  50      0.104177258080576E-00017
