                   1      0.104213865084544E-00017
                   2      0.104235893008242E-00017
                   3      0.104288940828934E-00017
                   4      0.104368918074052E-00017
                   5      0.104473777620468E-00017
                   6      0.104601034851766E-00017
                   7      0.104747969484899E-00017
                   8      0.104911684412996E-00017
                   9      0.105089145426856E-00017
                  10      0.105277223029892E-00017
                  11      0.105472734787090E-00017
                  12      0.105672483991581E-00017
                  13      0.105873293707637E-00017
                  14      0.106072039119779E-00017
                  15      0.106265681138964E-00017
                  16      0.106451301932481E-00017
                  17      0.106626140561496E-00017
                  18      0.106787624940074E-00017
                  19      0.106933398629461E-00017
                  20      0.107061345586916E-00017
                  21      0.107169615384522E-00017
                  22      0.107256646762645E-00017
                  23      0.107321184713169E-00017
                  24      0.107362287922164E-00017
                  25      0.107379313865099E-00017
                  26      0.107378772789912E-00017
                  27      0.107359562712583E-00017
                  28      0.107316304599390E-00017
                  29      0.107249630017834E-00017
                  30      0.107160481798234E-00017
                  31      0.107050120082768E-00017
                  32      0.106920111492969E-00017
                  33      0.106772311642090E-00017
                  34      0.106608842947339E-00017
                  35      0.106432069080567E-00017
                  36      0.106244568460594E-00017
                  37      0.106049106760267E-00017
                  38      0.105848606190501E-00017
                  39      0.105646111255768E-00017
                  40      0.105444753163139E-00017
                  41      0.105247715088538E-00017
                  42      0.105058198581953E-00017
                  43      0.104879388926963E-00017
                  44      0.104714416967975E-00017
                  45      0.104566318713362E-00017
                  46      0.104437997009935E-00017
                  47      0.104332185437717E-00017
                  48      0.104251393942156E-00017
                  49      0.104197727030556E-00017
                  50      0.104174778069534E-00017
