                   1      0.104174777977129E-00017
                   2      0.104520283678424E-00017
                   3      0.104881748428822E-00017
                   4      0.105308545938907E-00017
                   5      0.105767931798747E-00017
                   6      0.106222937780764E-00017
                   7      0.106637713158147E-00017
                   8      0.106980471673576E-00017
                   9      0.107225405068927E-00017
                  10      0.107354474113890E-00017
                  11      0.107373773620555E-00017
                  12      0.107373792323021E-00017
                  13      0.107371183163397E-00017
                  14      0.107288938538247E-00017
                  15      0.107086713063535E-00017
                  16      0.106778851672593E-00017
                  17      0.106388386761972E-00017
                  18      0.105944969717258E-00017
                  19      0.105483157992069E-00017
                  20      0.105040296526056E-00017
                  21      0.104653425217577E-00017
                  22      0.104338475566073E-00017
                  23      0.104409296807603E-00017
                  24      0.104438823089635E-00017
                  25      0.104650783069562E-00017
                  26      0.104996930724941E-00017
                  27      0.105463617412205E-00017
                  28      0.106031641569480E-00017
                  29      0.106676287285513E-00017
                  30      0.107369633944857E-00017
                  31      0.108082335136249E-00017
                  32      0.108785303248425E-00017
                  33      0.109451323181448E-00017
                  34      0.110056527868025E-00017
                  35      0.110581607030479E-00017
                  36      0.111012582202508E-00017
                  37      0.111340979366986E-00017
                  38      0.111563304862433E-00017
                  39      0.111679949883782E-00017
                  40      0.111694977327129E-00017
                  41      0.111502672808147E-00017
                  42      0.110851427890443E-00017
                  43      0.109865737293814E-00017
                  44      0.108737141506534E-00017
                  45      0.107632359748026E-00017
                  46      0.106633398281492E-00017
                  47      0.105781171340763E-00017
                  48      0.105099204626854E-00017
                  49      0.104596251107844E-00017
                  50      0.104186696300705E-00017
