                   1      0.104186696307852E-00017
                   2      0.104365360475938E-00017
                   3      0.104556706746385E-00017
                   4      0.104801472391112E-00017
                   5      0.105086523859073E-00017
                   6      0.105399351291708E-00017
                   7      0.105726875451126E-00017
                   8      0.106054607638887E-00017
                   9      0.106369634378120E-00017
                  10      0.106659313150359E-00017
                  11      0.106912046235200E-00017
                  12      0.107116769508830E-00017
                  13      0.107265192437226E-00017
                  14      0.107350370821598E-00017
                  15      0.107370370574618E-00017
                  16      0.107370370273179E-00017
                  17      0.107370260260726E-00017
                  18      0.107331338774141E-00017
                  19      0.107220594415844E-00017
                  20      0.107041208403526E-00017
                  21      0.106798633063281E-00017
                  22      0.106502658184113E-00017
                  23      0.106164706834200E-00017
                  24      0.105800154051891E-00017
                  25      0.105426900436067E-00017
                  26      0.105064626781711E-00017
                  27      0.104734994732516E-00017
                  28      0.104461635075138E-00017
                  29      0.104268437186147E-00017
                  30      0.104211278492083E-00017
                  31      0.112851156408204E-00017
                  32      0.112423340831490E-00017
                  33      0.111362535282371E-00017
                  34      0.110191060063167E-00017
                  35      0.109011387881524E-00017
                  36      0.107868561179618E-00017
                  37      0.106806524528723E-00017
                  38      0.105871337171700E-00017
                  39      0.105105743944086E-00017
                  40      0.104551402457572E-00017
                  41      0.104230228729239E-00017
                  42      0.104498192077345E-00017
                  43      0.104974319470692E-00017
                  44      0.105604669876994E-00017
                  45      0.106303538680974E-00017
                  46      0.106940607391443E-00017
                  47      0.107326232657693E-00017
                  48      0.107360022911981E-00017
                  49      0.106868583021129E-00017
                  50      0.104186696283720E-00017
