                   1      0.104186696334595E-00017
                   2      0.104266854851866E-00017
                   3      0.104451866198880E-00017
                   4      0.104721045130033E-00017
                   5      0.105053242234831E-00017
                   6      0.105425726550108E-00017
                   7      0.105815185608988E-00017
                   8      0.106198637633128E-00017
                   9      0.106554301826438E-00017
                  10      0.106862449925466E-00017
                  11      0.107106249859392E-00017
                  12      0.107272490504514E-00017
                  13      0.107353085692457E-00017
                  14      0.107364143670477E-00017
                  15      0.107410958352152E-00017
                  16      0.107639127816349E-00017
                  17      0.108080054891237E-00017
                  18      0.108690608029717E-00017
                  19      0.109432522496081E-00017
                  20      0.110267008581601E-00017
                  21      0.111158693980395E-00017
                  22      0.112075926332043E-00017
                  23      0.112987463876038E-00017
                  24      0.113863151335311E-00017
                  25      0.114675743482573E-00017
                  26      0.115400991178699E-00017
                  27      0.116015369165962E-00017
                  28      0.116493805966283E-00017
                  29      0.116811564143290E-00017
                  30      0.116949239895210E-00017
                  31      0.116943678392326E-00017
                  32      0.116788455769795E-00017
                  33      0.116451494458402E-00017
                  34      0.115946311418348E-00017
                  35      0.115289462527265E-00017
                  36      0.114501581916269E-00017
                  37      0.113606989005536E-00017
                  38      0.112632844399420E-00017
                  39      0.111608158055262E-00017
                  40      0.110562741853224E-00017
                  41      0.109526157898626E-00017
                  42      0.108526701868634E-00017
                  43      0.107590451547601E-00017
                  44      0.106740403487173E-00017
                  45      0.105995757855736E-00017
                  46      0.105371420384854E-00017
                  47      0.104877682057077E-00017
                  48      0.104520063969721E-00017
                  49      0.104299280040023E-00017
                  50      0.104213865191353E-00017
