                   1      0.104174778076058E-00017
                   2      0.104508153131936E-00017
                   3      0.104870262169407E-00017
                   4      0.105297692068473E-00017
                   5      0.105756217788798E-00017
                   6      0.106209693927985E-00017
                   7      0.106623518508406E-00017
                   8      0.106966682789874E-00017
                   9      0.107213892848973E-00017
                  10      0.107347672506678E-00017
                  11      0.107373877242749E-00017
                  12      0.107373890689229E-00017
                  13      0.107370953221627E-00017
                  14      0.107298689951809E-00017
                  15      0.107109256078437E-00017
                  16      0.106813630738677E-00017
                  17      0.106433320957547E-00017
                  18      0.105996538363722E-00017
                  19      0.105536095514713E-00017
                  20      0.105086985682742E-00017
                  21      0.104682077065725E-00017
                  22      0.104326651515533E-00017
                  23      0.104329969679696E-00017
                  24      0.104693165851750E-00017
                  25      0.104746289627330E-00017
                  26      0.104944095462956E-00017
                  27      0.105257634131970E-00017
                  28      0.105672853637568E-00017
                  29      0.106167422985727E-00017
                  30      0.106718934028750E-00017
                  31      0.107303639632731E-00017
                  32      0.107897316933296E-00017
                  33      0.108476573302296E-00017
                  34      0.109020083995817E-00017
                  35      0.109509630032993E-00017
                  36      0.109930821112624E-00017
                  37      0.110273412373080E-00017
                  38      0.110531205677207E-00017
                  39      0.110701796162648E-00017
                  40      0.110783955045965E-00017
                  41      0.110647957436729E-00017
                  42      0.110442001971572E-00017
                  43      0.109622780370420E-00017
                  44      0.108629306086938E-00017
                  45      0.107597249849504E-00017
                  46      0.106628386131651E-00017
                  47      0.105787284283598E-00017
                  48      0.105108508729456E-00017
                  49      0.104606095805975E-00017
                  50      0.104213865077847E-00017
