                   1      0.104213865066162E-00017
                   2      0.104730941230631E-00017
                   3      0.105138246096457E-00017
                   4      0.105583100219877E-00017
                   5      0.106030019313210E-00017
                   6      0.106452691073042E-00017
                   7      0.106822832678429E-00017
                   8      0.107115571099206E-00017
                   9      0.107310330466316E-00017
                  10      0.107395989337131E-00017
                  11      0.107410880931683E-00017
                  12      0.107412025299156E-00017
                  13      0.107411924078178E-00017
                  14      0.107409063888496E-00017
                  15      0.107369077659299E-00017
                  16      0.107228079943462E-00017
                  17      0.106981656564848E-00017
                  18      0.106646811101199E-00017
                  19      0.106245217038806E-00017
                  20      0.105799608225496E-00017
                  21      0.105343762486999E-00017
                  22      0.104663275206995E-00017
                  23      0.104775736988346E-00017
                  24      0.105331033116243E-00017
                  25      0.105961016330540E-00017
                  26      0.106692069126409E-00017
                  27      0.107499199665826E-00017
                  28      0.108346318470205E-00017
                  29      0.109199338391290E-00017
                  30      0.110026097254263E-00017
                  31      0.110796875232844E-00017
                  32      0.111486486467601E-00017
                  33      0.112075889031999E-00017
                  34      0.112553411266824E-00017
                  35      0.112915136228357E-00017
                  36      0.113163607994027E-00017
                  37      0.113303125009833E-00017
                  38      0.113344521523168E-00017
                  39      0.113345717786608E-00017
                  40      0.112993959686380E-00017
                  41      0.112336670976850E-00017
                  42      0.111418502843602E-00017
                  43      0.110340474912555E-00017
                  44      0.109211724658027E-00017
                  45      0.108112857237386E-00017
                  46      0.107096582263999E-00017
                  47      0.106197379967744E-00017
                  48      0.105433216275672E-00017
                  49      0.104822501688561E-00017
                  50      0.104177258118957E-00017
