                   1      0.104174778000130E-00017
                   2      0.104197668421456E-00017
                   3      0.104251358596394E-00017
                   4      0.104332171121361E-00017
                   5      0.104437997513468E-00017
                   6      0.104566327663467E-00017
                   7      0.104714428511960E-00017
                   8      0.104879401681104E-00017
                   9      0.105058213965243E-00017
                  10      0.105247732293259E-00017
                  11      0.105444768106783E-00017
                  12      0.105646119002592E-00017
                  13      0.105848604184218E-00017
                  14      0.106049097620612E-00017
                  15      0.106244559395379E-00017
                  16      0.106432067527147E-00017
                  17      0.106608853025355E-00017
                  18      0.106772334021208E-00017
                  19      0.106920144703040E-00017
                  20      0.107050161014789E-00017
                  21      0.107160525753426E-00017
                  22      0.107249672129758E-00017
                  23      0.107316342317209E-00017
                  24      0.107359596042977E-00017
                  25      0.107378795922031E-00017
                  26      0.107379313674222E-00017
                  27      0.107362273064963E-00017
                  28      0.107321168748676E-00017
                  29      0.107256631717048E-00017
                  30      0.107169599860874E-00017
                  31      0.107061326103838E-00017
                  32      0.106933370071506E-00017
                  33      0.106787582174924E-00017
                  34      0.106626082433185E-00017
                  35      0.106451234119916E-00017
                  36      0.106265614163840E-00017
                  37      0.106071982857979E-00017
                  38      0.105873253162439E-00017
                  39      0.105672458394299E-00017
                  40      0.105472718722385E-00017
                  41      0.105277208813151E-00017
                  42      0.105089126413089E-00017
                  43      0.104911657396325E-00017
                  44      0.104747935507619E-00017
                  45      0.104600999310234E-00017
                  46      0.104473748714078E-00017
                  47      0.104368903458461E-00017
                  48      0.104288945288021E-00017
                  49      0.104235917969466E-00017
                  50      0.104213865019392E-00017
