                   1      0.104213865045325E-00017
                   2      0.104376957652830E-00017
                   3      0.104796499269399E-00017
                   4      0.105380137436092E-00017
                   5      0.106025087331770E-00017
                   6      0.106628322016000E-00017
                   7      0.107098286994607E-00017
                   8      0.107365564674523E-00017
                   9      0.107393691866069E-00017
                  10      0.107179825142247E-00017
                  11      0.106750574957630E-00017
                  12      0.106168533625851E-00017
                  13      0.105520843681236E-00017
                  14      0.104909287140581E-00017
                  15      0.104438339478570E-00017
                  16      0.104203127477096E-00017
                  17      0.104308110383039E-00017
                  18      0.104719247879353E-00017
                  19      0.105214093251639E-00017
                  20      0.105798374907369E-00017
                  21      0.106518460665637E-00017
                  22      0.107326034638099E-00017
                  23      0.108155510436537E-00017
                  24      0.108940617595877E-00017
                  25      0.109620883052303E-00017
                  26      0.110147021613161E-00017
                  27      0.110484284076027E-00017
                  28      0.110578845045157E-00017
                  29      0.109583477910928E-00017
                  30      0.108112450034052E-00017
                  31      0.106698253868933E-00017
                  32      0.105537969354102E-00017
                  33      0.104719393727965E-00017
                  34      0.104272127041566E-00017
                  35      0.104186892896207E-00017
                  36      0.104420875758132E-00017
                  37      0.104890165646889E-00017
                  38      0.105499173595686E-00017
                  39      0.106144005580380E-00017
                  40      0.106723421086932E-00017
                  41      0.107150534303345E-00017
                  42      0.107363026965220E-00017
                  43      0.107334581931729E-00017
                  44      0.107068746933825E-00017
                  45      0.106602378007591E-00017
                  46      0.106004358342326E-00017
                  47      0.105364877211375E-00017
                  48      0.104785766756099E-00017
                  49      0.104370412826568E-00017
                  50      0.104213864971108E-00017
