                   1      0.104177258035471E-00017
                   2      0.104202466400974E-00017
                   3      0.104258575145465E-00017
                   4      0.104341264275207E-00017
                   5      0.104448615977881E-00017
                   6      0.104578161563767E-00017
                   7      0.104727166817635E-00017
                   8      0.104892716364532E-00017
                   9      0.105071764290648E-00017
                  10      0.105261175872325E-00017
                  11      0.105457765681223E-00017
                  12      0.105658338048524E-00017
                  13      0.105859725620337E-00017
                  14      0.106058819601587E-00017
                  15      0.106252598032208E-00017
                  16      0.106438158551878E-00017
                  17      0.106612752769700E-00017
                  18      0.106773818808843E-00017
                  19      0.106919012048164E-00017
                  20      0.107046235474709E-00017
                  21      0.107153667341036E-00017
                  22      0.107239780696925E-00017
                  23      0.107303353543741E-00017
                  24      0.107343471610335E-00017
                  25      0.107359547255219E-00017
                  26      0.107359608704911E-00017
                  27      0.107344228239855E-00017
                  28      0.107304787775955E-00017
                  29      0.107241869834903E-00017
                  30      0.107156386516597E-00017
                  31      0.107049563317832E-00017
                  32      0.106922931853717E-00017
                  33      0.106778313876120E-00017
                  34      0.106617800596077E-00017
                  35      0.106443728379205E-00017
                  36      0.106258651571729E-00017
                  37      0.106065313383109E-00017
                  38      0.105866615471615E-00017
                  39      0.105665585713228E-00017
                  40      0.105465343912824E-00017
                  41      0.105269066421971E-00017
                  42      0.105079950451071E-00017
                  43      0.104901177772089E-00017
                  44      0.104735877559366E-00017
                  45      0.104587088758307E-00017
                  46      0.104457721178733E-00017
                  47      0.104350510590708E-00017
                  48      0.104267939633577E-00017
                  49      0.104211954417682E-00017
                  50      0.104186696293430E-00017
