                   1      0.104177258130422E-00017
                   2      0.104527240320387E-00017
                   3      0.104897729163027E-00017
                   4      0.105330443372176E-00017
                   5      0.105791360899136E-00017
                   6      0.106244605670399E-00017
                   7      0.106655398423223E-00017
                   8      0.106992705404280E-00017
                   9      0.107231430364594E-00017
                  10      0.107354590443276E-00017
                  11      0.107373836937341E-00017
                  12      0.107373841894895E-00017
                  13      0.107371336306862E-00017
                  14      0.107299142910427E-00017
                  15      0.107108713717110E-00017
                  16      0.106811386891479E-00017
                  17      0.106428972639135E-00017
                  18      0.105990187329827E-00017
                  19      0.105528637567089E-00017
                  20      0.105080643349038E-00017
                  21      0.104684880849504E-00017
                  22      0.104332733788239E-00017
                  23      0.104364647705852E-00017
                  24      0.104749009318041E-00017
                  25      0.105029382624399E-00017
                  26      0.105151070356895E-00017
                  27      0.105352172909418E-00017
                  28      0.105633754047299E-00017
                  29      0.105988972462212E-00017
                  30      0.106399349354101E-00017
                  31      0.106845402740370E-00017
                  32      0.107307366910720E-00017
                  33      0.107766066736037E-00017
                  34      0.108203853204011E-00017
                  35      0.108605397822794E-00017
                  36      0.108958233495662E-00017
                  37      0.109252996700918E-00017
                  38      0.109483397842235E-00017
                  39      0.109646009851680E-00017
                  40      0.109740047446033E-00017
                  41      0.109768011981029E-00017
                  42      0.109614948920494E-00017
                  43      0.109474414051777E-00017
                  44      0.108628825842971E-00017
                  45      0.107644158685431E-00017
                  46      0.106684802742316E-00017
                  47      0.105837479476111E-00017
                  48      0.105146667348696E-00017
                  49      0.104630088199184E-00017
                  50      0.104213864999961E-00017
