                   1      0.104177258156663E-00017
                   2      0.104314508446239E-00017
                   3      0.104670234877429E-00017
                   4      0.105176573265070E-00017
                   5      0.105757482332468E-00017
                   6      0.106334688288049E-00017
                   7      0.106834998424489E-00017
                   8      0.107198817494177E-00017
                   9      0.107401406068496E-00017
                  10      0.107577600154087E-00017
                  11      0.108132364136673E-00017
                  12      0.109061152274438E-00017
                  13      0.110217167605804E-00017
                  14      0.111501643103805E-00017
                  15      0.112814370817990E-00017
                  16      0.114060535414814E-00017
                  17      0.115168560774824E-00017
                  18      0.116081060212340E-00017
                  19      0.116710391308063E-00017
                  20      0.116960044280095E-00017
                  21      0.116821608929114E-00017
                  22      0.116284180120895E-00017
                  23      0.115381920799347E-00017
                  24      0.114178327324723E-00017
                  25      0.112756378783796E-00017
                  26      0.111211650969472E-00017
                  27      0.109644512320763E-00017
                  28      0.108152225344790E-00017
                  29      0.106821601230778E-00017
                  30      0.105722744825198E-00017
                  31      0.104904332184855E-00017
                  32      0.104390632784441E-00017
                  33      0.104181358118447E-00017
                  34      0.104267301913953E-00017
                  35      0.104586235315423E-00017
                  36      0.105068454369512E-00017
                  37      0.105639414532645E-00017
                  38      0.106220801267617E-00017
                  39      0.106737950845658E-00017
                  40      0.107126900129461E-00017
                  41      0.107340471115471E-00017
                  42      0.107359921717118E-00017
                  43      0.107186507882274E-00017
                  44      0.106831161420143E-00017
                  45      0.106337076439380E-00017
                  46      0.105764721611337E-00017
                  47      0.105185935122119E-00017
                  48      0.104678136549315E-00017
                  49      0.104318327701480E-00017
                  50      0.104177257987994E-00017
