                   1      0.104186696307756E-00017
                   2      0.104622171326313E-00017
                   3      0.105018008595432E-00017
                   4      0.105465545528120E-00017
                   5      0.105931208044222E-00017
                   6      0.106379829657754E-00017
                   7      0.106777570908080E-00017
                   8      0.107094755895846E-00017
                   9      0.107308144588891E-00017
                  10      0.107403646446535E-00017
                  11      0.107411138919181E-00017
                  12      0.107411138924978E-00017
                  13      0.107410979375421E-00017
                  14      0.107367518513226E-00017
                  15      0.107208060378382E-00017
                  16      0.106937322325762E-00017
                  17      0.106574897088040E-00017
                  18      0.106147848700883E-00017
                  19      0.105688404149017E-00017
                  20      0.105230804551356E-00017
                  21      0.104808738631193E-00017
                  22      0.104410602897850E-00017
                  23      0.104455926692172E-00017
                  24      0.104783138039825E-00017
                  25      0.104796138455052E-00017
                  26      0.105016969405121E-00017
                  27      0.105359238470302E-00017
                  28      0.105797343046753E-00017
                  29      0.106309517347896E-00017
                  30      0.106872633818611E-00017
                  31      0.107462193118730E-00017
                  32      0.108053707762939E-00017
                  33      0.108624074089817E-00017
                  34      0.109152810003812E-00017
                  35      0.109623026196469E-00017
                  36      0.110022010883363E-00017
                  37      0.110341348258011E-00017
                  38      0.110576575824773E-00017
                  39      0.110726555255291E-00017
                  40      0.110791667776738E-00017
                  41      0.110706117010915E-00017
                  42      0.110690622054376E-00017
                  43      0.109959363136079E-00017
                  44      0.108974575871729E-00017
                  45      0.107917783805874E-00017
                  46      0.106904116822788E-00017
                  47      0.106007375077655E-00017
                  48      0.105266287443172E-00017
                  49      0.104696660446603E-00017
                  50      0.104177258150270E-00017
