                   1      0.104177258150482E-00017
                   2      0.104784810061464E-00017
                   3      0.105222989149940E-00017
                   4      0.105687561968489E-00017
                   5      0.106143491324913E-00017
                   6      0.106560824925327E-00017
                   7      0.106910944781260E-00017
                   8      0.107170589510125E-00017
                   9      0.107324225260403E-00017
                  10      0.107372448334738E-00017
                  11      0.107373907321181E-00017
                  12      0.107373909589484E-00017
                  13      0.107373910367316E-00017
                  14      0.107371821323087E-00017
                  15      0.107316388201630E-00017
                  16      0.107154439749490E-00017
                  17      0.106887743848902E-00017
                  18      0.106532382883064E-00017
                  19      0.106111476953815E-00017
                  20      0.105649955646497E-00017
                  21      0.105169712305397E-00017
                  22      0.104643523640092E-00017
                  23      0.104212446535417E-00017
                  24      0.104788246430833E-00017
                  25      0.105118128006477E-00017
                  26      0.105275929939847E-00017
                  27      0.105462148203335E-00017
                  28      0.105778043430288E-00017
                  29      0.106159466638374E-00017
                  30      0.106583190231907E-00017
                  31      0.107029288278238E-00017
                  32      0.107479442913156E-00017
                  33      0.107916889163067E-00017
                  34      0.108327120350830E-00017
                  35      0.108698407748104E-00017
                  36      0.109021970680233E-00017
                  37      0.109291827328295E-00017
                  38      0.109504439241456E-00017
                  39      0.109658358405777E-00017
                  40      0.109754546572144E-00017
                  41      0.109807702988331E-00017
                  42      0.109808649741961E-00017
                  43      0.109512737569320E-00017
                  44      0.108992306913075E-00017
                  45      0.108244539660168E-00017
                  46      0.107361493077003E-00017
                  47      0.106466241994830E-00017
                  48      0.105650622011960E-00017
                  49      0.104970654886891E-00017
                  50      0.104186696317529E-00017
