                   1      0.104186696361419E-00017
                   2      0.104786355495249E-00017
                   3      0.105214555230230E-00017
                   4      0.105672339862891E-00017
                   5      0.106123008570020E-00017
                   6      0.106540479705059E-00017
                   7      0.106897256330236E-00017
                   8      0.107170410749354E-00017
                   9      0.107343278872730E-00017
                  10      0.107408959630876E-00017
                  11      0.107411791055037E-00017
                  12      0.107411573584591E-00017
                  13      0.107411593584460E-00017
                  14      0.107411698768029E-00017
                  15      0.107379160629538E-00017
                  16      0.107245607325810E-00017
                  17      0.107008260669548E-00017
                  18      0.106680792426396E-00017
                  19      0.106282783690742E-00017
                  20      0.105827545477599E-00017
                  21      0.105327153053070E-00017
                  22      0.104715507743715E-00017
                  23      0.104433963651812E-00017
                  24      0.104917579021881E-00017
                  25      0.105402691178403E-00017
                  26      0.105997299435147E-00017
                  27      0.106690407270077E-00017
                  28      0.107440930693616E-00017
                  29      0.108216168665820E-00017
                  30      0.108985768460547E-00017
                  31      0.109721453060087E-00017
                  32      0.110398438537584E-00017
                  33      0.110996816933817E-00017
                  34      0.111502590431526E-00017
                  35      0.111908120748072E-00017
                  36      0.112211737495982E-00017
                  37      0.112416625408389E-00017
                  38      0.112512635271912E-00017
                  39      0.112442868996979E-00017
                  40      0.112432490983833E-00017
                  41      0.112100099923160E-00017
                  42      0.111418445217056E-00017
                  43      0.110504890182447E-00017
                  44      0.109460432767331E-00017
                  45      0.108382573431548E-00017
                  46      0.107348657704796E-00017
                  47      0.106411462526136E-00017
                  48      0.105598641428331E-00017
                  49      0.104935743117010E-00017
                  50      0.104174778059068E-00017
