                   1      0.104213865037675E-00017
                   2      0.105347225325628E-00017
                   3      0.105845679720740E-00017
                   4      0.106311629504760E-00017
                   5      0.106715956690897E-00017
                   6      0.107040779951077E-00017
                   7      0.107267798724012E-00017
                   8      0.107386950205562E-00017
                   9      0.107411667395448E-00017
                  10      0.107412112729162E-00017
                  11      0.107412662860520E-00017
                  12      0.107411517102900E-00017
                  13      0.107411475713615E-00017
                  14      0.107411351265610E-00017
                  15      0.107411354537321E-00017
                  16      0.107387828067222E-00017
                  17      0.107270149230791E-00017
                  18      0.107044536263221E-00017
                  19      0.106720287076785E-00017
                  20      0.106309495514985E-00017
                  21      0.105809641196841E-00017
                  22      0.105128689899271E-00017
                  23      0.104281188622143E-00017
                  24      0.104858081109762E-00017
                  25      0.105205109016809E-00017
                  26      0.105675334462331E-00017
                  27      0.106287521549494E-00017
                  28      0.106961522232942E-00017
                  29      0.107658926231069E-00017
                  30      0.108350797598331E-00017
                  31      0.109011446927708E-00017
                  32      0.109619346919314E-00017
                  33      0.110158260988788E-00017
                  34      0.110617876296859E-00017
                  35      0.110993799210693E-00017
                  36      0.111286934639196E-00017
                  37      0.111502532175223E-00017
                  38      0.111650000914011E-00017
                  39      0.111706905225705E-00017
                  40      0.111689424725603E-00017
                  41      0.111653740603153E-00017
                  42      0.111560037842956E-00017
                  43      0.111253947328770E-00017
                  44      0.110658344827114E-00017
                  45      0.109810504800741E-00017
                  46      0.108808316542775E-00017
                  47      0.107757851697725E-00017
                  48      0.106734105008044E-00017
                  49      0.105794968130004E-00017
                  50      0.104174778022838E-00017
