                   1      0.104213865021175E-00017
                   2      0.104372015919278E-00017
                   3      0.104609728467655E-00017
                   4      0.104919180700564E-00017
                   5      0.105276227674668E-00017
                   6      0.105659441989523E-00017
                   7      0.106046034974639E-00017
                   8      0.106414144562117E-00017
                   9      0.106743363003786E-00017
                  10      0.107015102349508E-00017
                  11      0.107213081740962E-00017
                  12      0.107329463285728E-00017
                  13      0.107383258995102E-00017
                  14      0.107413151086307E-00017
                  15      0.107532556533717E-00017
                  16      0.107848241725297E-00017
                  17      0.108365406533983E-00017
                  18      0.109038264946573E-00017
                  19      0.109832283545805E-00017
                  20      0.110707750837335E-00017
                  21      0.111629317490644E-00017
                  22      0.112563403133352E-00017
                  23      0.113477097714237E-00017
                  24      0.114338672624681E-00017
                  25      0.115118477879918E-00017
                  26      0.115789086898310E-00017
                  27      0.116324773678079E-00017
                  28      0.116702161088454E-00017
                  29      0.116904214279625E-00017
                  30      0.116945488391071E-00017
                  31      0.116942177695787E-00017
                  32      0.116865509696044E-00017
                  33      0.116614389291617E-00017
                  34      0.116188197072939E-00017
                  35      0.115602716803535E-00017
                  36      0.114877404704532E-00017
                  37      0.114034960730092E-00017
                  38      0.113100922442124E-00017
                  39      0.112102964167697E-00017
                  40      0.111069990438431E-00017
                  41      0.110031142875134E-00017
                  42      0.109014794285960E-00017
                  43      0.108047574970652E-00017
                  44      0.107153483627813E-00017
                  45      0.106353163194799E-00017
                  46      0.105663416169861E-00017
                  47      0.105096978385324E-00017
                  48      0.104660719008515E-00017
                  49      0.104361140622619E-00017
                  50      0.104186696248230E-00017
