                   1      0.104174778076279E-00017
                   2      0.105035284103985E-00017
                   3      0.105503176511111E-00017
                   4      0.105967381750905E-00017
                   5      0.106401330715476E-00017
                   6      0.106778083594985E-00017
                   7      0.107074440106043E-00017
                   8      0.107272610650976E-00017
                   9      0.107362916017136E-00017
                  10      0.107370255511144E-00017
                  11      0.107370442527048E-00017
                  12      0.107370441076939E-00017
                  13      0.107370438998726E-00017
                  14      0.107370370713252E-00017
                  15      0.107370136635046E-00017
                  16      0.107318367688986E-00017
                  17      0.107159136032087E-00017
                  18      0.106897237533819E-00017
                  19      0.106548429742312E-00017
                  20      0.106135438636076E-00017
                  21      0.105682234209517E-00017
                  22      0.104577318081603E-00017
                  23      0.105309395804036E-00017
                  24      0.106057255114483E-00017
                  25      0.106890207549013E-00017
                  26      0.107795190930815E-00017
                  27      0.108739272590826E-00017
                  28      0.109684675461094E-00017
                  29      0.110594825674505E-00017
                  30      0.111436087257293E-00017
                  31      0.112180036401623E-00017
                  32      0.112805666515146E-00017
                  33      0.113301272943715E-00017
                  34      0.113665754842836E-00017
                  35      0.113908770842243E-00017
                  36      0.114055311976233E-00017
                  37      0.114127802221071E-00017
                  38      0.114127749918193E-00017
                  39      0.114043875308402E-00017
                  40      0.113826373667084E-00017
                  41      0.113333199639768E-00017
                  42      0.112540205767375E-00017
                  43      0.111526705788910E-00017
                  44      0.110397687096510E-00017
                  45      0.109240999852404E-00017
                  46      0.108120018239613E-00017
                  47      0.107079013207986E-00017
                  48      0.106148671352859E-00017
                  49      0.105345397988038E-00017
                  50      0.104177258296139E-00017
