                   1      0.104186696398949E-00017
                   2      0.104208819698143E-00017
                   3      0.104261762410036E-00017
                   4      0.104341673641563E-00017
                   5      0.104446519757289E-00017
                   6      0.104573813005463E-00017
                   7      0.104720826049343E-00017
                   8      0.104884654175801E-00017
                   9      0.105062260808835E-00017
                  10      0.105250519263603E-00017
                  11      0.105446249231414E-00017
                  12      0.105646251515208E-00017
                  13      0.105847344426930E-00017
                  14      0.106046400583187E-00017
                  15      0.106240381935761E-00017
                  16      0.106426372826685E-00017
                  17      0.106601612895434E-00017
                  18      0.106763530284424E-00017
                  19      0.106909770352606E-00017
                  20      0.107038218404763E-00017
                  21      0.107147022266025E-00017
                  22      0.107234616908369E-00017
                  23      0.107299746540553E-00017
                  24      0.107341476441342E-00017
                  25      0.107359180952565E-00017
                  26      0.107359042830380E-00017
                  27      0.107340677845106E-00017
                  28      0.107298283279222E-00017
                  29      0.107232500011183E-00017
                  30      0.107144270199800E-00017
                  31      0.107034850316492E-00017
                  32      0.106905801798159E-00017
                  33      0.106758975752705E-00017
                  34      0.106596492355145E-00017
                  35      0.106420713987948E-00017
                  36      0.106234216165787E-00017
                  37      0.106039760811701E-00017
                  38      0.105840269370125E-00017
                  39      0.105638788639885E-00017
                  40      0.105438448285518E-00017
                  41      0.105242420183764E-00017
                  42      0.105053889750861E-00017
                  43      0.104876031543784E-00017
                  44      0.104711973934851E-00017
                  45      0.104564754973695E-00017
                  46      0.104437279445904E-00017
                  47      0.104332277810215E-00017
                  48      0.104252245773110E-00017
                  49      0.104199248341244E-00017
                  50      0.104177258141883E-00017
