                   1      0.104213865074895E-00017
                   2      0.104229854792996E-00017
                   3      0.104276361172705E-00017
                   4      0.104350854636235E-00017
                   5      0.104450989688009E-00017
                   6      0.104574214460085E-00017
                   7      0.104717800188777E-00017
                   8      0.104878856417575E-00017
                   9      0.105054360545751E-00017
                  10      0.105241193973423E-00017
                  11      0.105436176405818E-00017
                  12      0.105636099281017E-00017
                  13      0.105837762684484E-00017
                  14      0.106038015736903E-00017
                  15      0.106233792123608E-00017
                  16      0.106422139182033E-00017
                  17      0.106600248775374E-00017
                  18      0.106765491477797E-00017
                  19      0.106915449031414E-00017
                  20      0.107047942603236E-00017
                  21      0.107161057179925E-00017
                  22      0.107253163108512E-00017
                  23      0.107322935450757E-00017
                  24      0.107369369263547E-00017
                  25      0.107391782409994E-00017
                  26      0.107390878353928E-00017
                  27      0.107366509356457E-00017
                  28      0.107318131348690E-00017
                  29      0.107246429722984E-00017
                  30      0.107152413298829E-00017
                  31      0.107037410001509E-00017
                  32      0.106903051724388E-00017
                  33      0.106751256536115E-00017
                  34      0.106584207728263E-00017
                  35      0.106404328483357E-00017
                  36      0.106214252830102E-00017
                  37      0.106016794047912E-00017
                  38      0.105814913243491E-00017
                  39      0.105611685976176E-00017
                  40      0.105410268005511E-00017
                  41      0.105213859916262E-00017
                  42      0.105025671352405E-00017
                  43      0.104848885521847E-00017
                  44      0.104686624924147E-00017
                  45      0.104541915926002E-00017
                  46      0.104417652468657E-00017
                  47      0.104316569014971E-00017
                  48      0.104241223012363E-00017
                  49      0.104193956991207E-00017
                  50      0.104177258148956E-00017
