                   1      0.104174778052187E-00017
                   2      0.104335929335115E-00017
                   3      0.104753639132970E-00017
                   4      0.105335876950478E-00017
                   5      0.105980192242746E-00017
                   6      0.106583864391968E-00017
                   7      0.107055543068509E-00017
                   8      0.107325849066262E-00017
                   9      0.107358052584382E-00017
                  10      0.107149254778978E-00017
                  11      0.106725507855743E-00017
                  12      0.106148868266846E-00017
                  13      0.105505914583453E-00017
                  14      0.104897802459692E-00017
                  15      0.104428368415170E-00017
                  16      0.104193437977063E-00017
                  17      0.104297169670663E-00017
                  18      0.104707621913919E-00017
                  19      0.105205796919087E-00017
                  20      0.105790209006409E-00017
                  21      0.106509557680926E-00017
                  22      0.107316986016641E-00017
                  23      0.108147229338781E-00017
                  24      0.108934229287240E-00017
                  25      0.109617618636850E-00017
                  26      0.110147968884316E-00017
                  27      0.110488968126255E-00017
                  28      0.110553189219116E-00017
                  29      0.109549100620318E-00017
                  30      0.108106452989512E-00017
                  31      0.106709040867294E-00017
                  32      0.105559544742186E-00017
                  33      0.104749146432514E-00017
                  34      0.104308247656825E-00017
                  35      0.104226979277138E-00017
                  36      0.104461970776686E-00017
                  37      0.104929516903600E-00017
                  38      0.105534298238315E-00017
                  39      0.106172843998405E-00017
                  40      0.106744420653408E-00017
                  41      0.107162762740746E-00017
                  42      0.107366206647988E-00017
                  43      0.107329268920071E-00017
                  44      0.107055457321315E-00017
                  45      0.106582171043507E-00017
                  46      0.105978414986236E-00017
                  47      0.105334322756767E-00017
                  48      0.104751588428851E-00017
                  49      0.104333454417261E-00017
                  50      0.104174778065823E-00017
