                   1      0.104177258144613E-00017
                   2      0.104264034934510E-00017
                   3      0.104484100820561E-00017
                   4      0.104808306422855E-00017
                   5      0.105204411443721E-00017
                   6      0.105639623582487E-00017
                   7      0.106080139986279E-00017
                   8      0.106493401654124E-00017
                   9      0.106849819438765E-00017
                  10      0.107124408724455E-00017
                  11      0.107298213117075E-00017
                  12      0.107359772074665E-00017
                  13      0.107327236426271E-00017
                  14      0.107184377137745E-00017
                  15      0.106936745988678E-00017
                  16      0.106601437337250E-00017
                  17      0.106201902440243E-00017
                  18      0.105766616317261E-00017
                  19      0.105327652570569E-00017
                  20      0.104921037091273E-00017
                  21      0.104580275272703E-00017
                  22      0.104444917160773E-00017
                  23      0.104513646339712E-00017
                  24      0.104727667101377E-00017
                  25      0.105192503061817E-00017
                  26      0.105807048357127E-00017
                  27      0.106535246176787E-00017
                  28      0.107348011981919E-00017
                  29      0.108215029950712E-00017
                  30      0.109103697689069E-00017
                  31      0.109980603389147E-00017
                  32      0.110812997302980E-00017
                  33      0.111570235709075E-00017
                  34      0.112225168356814E-00017
                  35      0.112755402280415E-00017
                  36      0.113144305453326E-00017
                  37      0.113380777203555E-00017
                  38      0.113434992001233E-00017
                  39      0.112762828599846E-00017
                  40      0.111762649144406E-00017
                  41      0.110628043966991E-00017
                  42      0.109465787159400E-00017
                  43      0.108341081497140E-00017
                  44      0.107299619164730E-00017
                  45      0.106376051356778E-00017
                  46      0.105596801556577E-00017
                  47      0.104980411271421E-00017
                  48      0.104536787670822E-00017
                  49      0.104269528430197E-00017
                  50      0.104174778003843E-00017
