                   1      0.104177258113165E-00017
                   2      0.104196136703945E-00017
                   3      0.104245843620811E-00017
                   4      0.104323304710790E-00017
                   5      0.104426261273519E-00017
                   6      0.104552174757648E-00017
                   7      0.104698311885493E-00017
                   8      0.104861774204555E-00017
                   9      0.105039528859128E-00017
                  10      0.105228446428135E-00017
                  11      0.105425339852463E-00017
                  12      0.105627000882594E-00017
                  13      0.105830233219711E-00017
                  14      0.106031885424078E-00017
                  15      0.106228886897186E-00017
                  16      0.106418284934139E-00017
                  17      0.106597278978556E-00017
                  18      0.106763251198005E-00017
                  19      0.106913796946708E-00017
                  20      0.107046752983268E-00017
                  21      0.107160222851715E-00017
                  22      0.107252597779439E-00017
                  23      0.107322572976248E-00017
                  24      0.107369158789235E-00017
                  25      0.107391667560251E-00017
                  26      0.107392414504369E-00017
                  27      0.107371870491894E-00017
                  28      0.107327249525561E-00017
                  29      0.107259224833052E-00017
                  30      0.107168780173654E-00017
                  31      0.107057215466983E-00017
                  32      0.106926134934247E-00017
                  33      0.106777431211761E-00017
                  34      0.106613264357034E-00017
                  35      0.106436036164369E-00017
                  36      0.106248360871974E-00017
                  37      0.106053033830419E-00017
                  38      0.105853000360359E-00017
                  39      0.105651323767547E-00017
                  40      0.105451150893088E-00017
                  41      0.105255676558374E-00017
                  42      0.105068108136030E-00017
                  43      0.104891630009023E-00017
                  44      0.104729367051006E-00017
                  45      0.104584346815170E-00017
                  46      0.104459464224655E-00017
                  47      0.104357453325046E-00017
                  48      0.104280856041455E-00017
                  49      0.104231943371280E-00017
                  50      0.104213865063353E-00017
