                   1      0.104186696238717E-00017
                   2      0.104212238708365E-00017
                   3      0.104268278118366E-00017
                   4      0.104350992456719E-00017
                   5      0.104458433439079E-00017
                   6      0.104588114407785E-00017
                   7      0.104737294863272E-00017
                   8      0.104903058787603E-00017
                   9      0.105082358289037E-00017
                  10      0.105272050735692E-00017
                  11      0.105468939518913E-00017
                  12      0.105669816157722E-00017
                  13      0.105871496720690E-00017
                  14      0.106070854152794E-00017
                  15      0.106264852563257E-00017
                  16      0.106450581013548E-00017
                  17      0.106625281036883E-00017
                  18      0.106786376485218E-00017
                  19      0.106931514333408E-00017
                  20      0.107058600963693E-00017
                  21      0.107165819789246E-00017
                  22      0.107251640742499E-00017
                  23      0.107314833575418E-00017
                  24      0.107354480525911E-00017
                  25      0.107370002391972E-00017
                  26      0.107369864267931E-00017
                  27      0.107353820696666E-00017
                  28      0.107313630385366E-00017
                  29      0.107249886329196E-00017
                  30      0.107163503159042E-00017
                  31      0.107055713058274E-00017
                  32      0.106928055250222E-00017
                  33      0.106782359067061E-00017
                  34      0.106620724544948E-00017
                  35      0.106445498956017E-00017
                  36      0.106259249858120E-00017
                  37      0.106064734594700E-00017
                  38      0.105864865960077E-00017
                  39      0.105662677680050E-00017
                  40      0.105461293462062E-00017
                  41      0.105263898350982E-00017
                  42      0.105073707409155E-00017
                  43      0.104893925612902E-00017
                  44      0.104727698878106E-00017
                  45      0.104578069612637E-00017
                  46      0.104447944496608E-00017
                  47      0.104340061518615E-00017
                  48      0.104256919775605E-00017
                  49      0.104200507117709E-00017
                  50      0.104174778062519E-00017
