                   1      0.104213865090210E-00017
                   2      0.104246686650273E-00017
                   3      0.104308316037004E-00017
                   4      0.104395831262560E-00017
                   5      0.104507491747444E-00017
                   6      0.104640853192384E-00017
                   7      0.104793177135003E-00017
                   8      0.104961544826511E-00017
                   9      0.105142916769270E-00017
                  10      0.105334173300589E-00017
                  11      0.105532143957923E-00017
                  12      0.105733637507215E-00017
                  13      0.105935480199134E-00017
                  14      0.106134557682965E-00017
                  15      0.106327855213587E-00017
                  16      0.106512494350947E-00017
                  17      0.106685760326347E-00017
                  18      0.106845119957174E-00017
                  19      0.106988248158981E-00017
                  20      0.107113074095243E-00017
                  21      0.107217819557290E-00017
                  22      0.107301001203958E-00017
                  23      0.107361425627975E-00017
                  24      0.107398205893442E-00017
                  25      0.107410915899424E-00017
                  26      0.107410764138019E-00017
                  27      0.107396613379965E-00017
                  28      0.107358345525041E-00017
                  29      0.107296444346867E-00017
                  30      0.107211793710801E-00017
                  31      0.107105589600800E-00017
                  32      0.106979333920531E-00017
                  33      0.106834820276758E-00017
                  34      0.106674114820077E-00017
                  35      0.106499531804197E-00017
                  36      0.106313604933627E-00017
                  37      0.106119057039959E-00017
                  38      0.105918770030938E-00017
                  39      0.105715755262934E-00017
                  40      0.105513122683636E-00017
                  41      0.105314046598991E-00017
                  42      0.105121727776489E-00017
                  43      0.104939354301210E-00017
                  44      0.104770063345043E-00017
                  45      0.104616903046390E-00017
                  46      0.104482791774222E-00017
                  47      0.104370467347227E-00017
                  48      0.104282389321344E-00017
                  49      0.104220364349978E-00017
                  50      0.104186696326564E-00017
