                   1      0.104177258094625E-00017
                   2      0.104198711005073E-00017
                   3      0.104250562978883E-00017
                   4      0.104329680439944E-00017
                   5      0.104433900246286E-00017
                   6      0.104560711243776E-00017
                   7      0.104707392555766E-00017
                   8      0.104871055745038E-00017
                   9      0.105048680426897E-00017
                  10      0.105237152933551E-00017
                  11      0.105433303741529E-00017
                  12      0.105633942688684E-00017
                  13      0.105835892969978E-00017
                  14      0.106036026405257E-00017
                  15      0.106231300742896E-00017
                  16      0.106418795382057E-00017
                  17      0.106595743011108E-00017
                  18      0.106759559137327E-00017
                  19      0.106907871189870E-00017
                  20      0.107038546226282E-00017
                  21      0.107149715572636E-00017
                  22      0.107239795304543E-00017
                  23      0.107307502979873E-00017
                  24      0.107351869607886E-00017
                  25      0.107372215733453E-00017
                  26      0.107372108678894E-00017
                  27      0.107351448411727E-00017
                  28      0.107306803470325E-00017
                  29      0.107238829507621E-00017
                  30      0.107148490104054E-00017
                  31      0.107037064578443E-00017
                  32      0.106906137804809E-00017
                  33      0.106757581808512E-00017
                  34      0.106593533376134E-00017
                  35      0.106416369632972E-00017
                  36      0.106228681454483E-00017
                  37      0.106033243642332E-00017
                  38      0.105832980884322E-00017
                  39      0.105630931631925E-00017
                  40      0.105430215290593E-00017
                  41      0.105234003686803E-00017
                  42      0.105045489955701E-00017
                  43      0.104867850514512E-00017
                  44      0.104704203919846E-00017
                  45      0.104557570780663E-00017
                  46      0.104430836840677E-00017
                  47      0.104326722389441E-00017
                  48      0.104247746379280E-00017
                  49      0.104196104876606E-00017
                  50      0.104174778089544E-00017
