                   1      0.269211681753185E-00016
                   2      0.269308992921669E-00016
                   3      0.269592027210810E-00016
                   4      0.270055144904821E-00016
                   5      0.270696484208218E-00016
                   6      0.271513128338813E-00016
                   7      0.272499870670391E-00016
                   8      0.273649523971712E-00016
                   9      0.274952991726551E-00016
                  10      0.276398944053427E-00016
                  11      0.277973366297527E-00016
                  12      0.279659067191143E-00016
                  13      0.281435145125467E-00016
                  14      0.283276501507938E-00016
                  15      0.285153636381253E-00016
                  16      0.287032972422408E-00016
                  17      0.288877793126081E-00016
                  18      0.290649702817741E-00016
                  19      0.292310304218862E-00016
                  20      0.293822654482806E-00016
                  21      0.295152633324419E-00016
                  22      0.296270755657680E-00016
                  23      0.297153212688243E-00016
                  24      0.297781079739489E-00016
                  25      0.298138871270484E-00016
                  26      0.298215924180989E-00016
                  27      0.298010912841194E-00016
                  28      0.297519560743456E-00016
                  29      0.296749714855021E-00016
                  30      0.295718116444675E-00016
                  31      0.294449757405830E-00016
                  32      0.292976652497043E-00016
                  33      0.291336024136015E-00016
                  34      0.289568139838924E-00016
                  35      0.287714163817553E-00016
                  36      0.285814312479469E-00016
                  37      0.283906464180391E-00016
                  38      0.282025222098502E-00016
                  39      0.280201364983040E-00016
                  40      0.278461648589760E-00016
                  41      0.276828926968307E-00016
                  42      0.275322502594874E-00016
                  43      0.273958566209338E-00016
                  44      0.272750619161682E-00016
                  45      0.271709784402126E-00016
                  46      0.270844880191303E-00016
                  47      0.270162875947403E-00016
                  48      0.269672147325374E-00016
                  49      0.269389390531630E-00016
                  50      0.269370205372904E-00016
