                   1      0.269211681770580E-00016
                   2      0.269313429720662E-00016
                   3      0.269600514153070E-00016
                   4      0.270064689627730E-00016
                   5      0.270705779477106E-00016
                   6      0.271521343139195E-00016
                   7      0.272504636347481E-00016
                   8      0.273645899169930E-00016
                   9      0.274934235683752E-00016
                  10      0.276359552858928E-00016
                  11      0.277911800123865E-00016
                  12      0.279577532652044E-00016
                  13      0.281337350630626E-00016
                  14      0.283165950135894E-00016
                  15      0.285033422383518E-00016
                  16      0.286906271262728E-00016
                  17      0.288747905456381E-00016
                  18      0.290519401788190E-00016
                  19      0.292181196136670E-00016
                  20      0.293695356827267E-00016
                  21      0.295027591760373E-00016
                  22      0.296148354367556E-00016
                  23      0.297032956991375E-00016
                  24      0.297661301689111E-00016
                  25      0.298018118395366E-00016
                  26      0.298093979797026E-00016
                  27      0.297887132530838E-00016
                  28      0.297392457438706E-00016
                  29      0.296617944386979E-00016
                  30      0.295581256294804E-00016
                  31      0.294308263968858E-00016
                  32      0.292831374774765E-00016
                  33      0.291187787147335E-00016
                  34      0.289417582885833E-00016
                  35      0.287561769761741E-00016
                  36      0.285660530621063E-00016
                  37      0.283751870571041E-00016
                  38      0.281870689914057E-00016
                  39      0.280048217204698E-00016
                  40      0.278311740051284E-00016
                  41      0.276684593781727E-00016
                  42      0.275186368047001E-00016
                  43      0.273833282920811E-00016
                  44      0.272638623904432E-00016
                  45      0.271613043570816E-00016
                  46      0.270764995819894E-00016
                  47      0.270100752723274E-00016
                  48      0.269624450173332E-00016
                  49      0.269353118538364E-00016
                  50      0.269310725628515E-00016
