                   1      0.141141301852339E-00016
                   2      0.141226064459946E-00016
                   3      0.141494988608720E-00016
                   4      0.141495383429890E-00016
                   5      0.141459259151782E-00016
                   6      0.141253481975270E-00016
                   7      0.141182972132512E-00016
                   8      0.141156080684766E-00016
                   9      0.141139462932210E-00016
                  10      0.141112914513244E-00016
                  11      0.141064978229029E-00016
                  12      0.140994399197973E-00016
                  13      0.140899262269670E-00016
                  14      0.140780880385156E-00016
                  15      0.140646666717476E-00016
                  16      0.140506546460048E-00016
                  17      0.140364696708331E-00016
                  18      0.140215052534960E-00016
                  19      0.140041127053766E-00016
                  20      0.139815605900411E-00016
                  21      0.139504886203778E-00016
                  22      0.139085960649971E-00016
                  23      0.138561251308530E-00016
                  24      0.137948863614064E-00016
                  25      0.137268609594178E-00016
                  26      0.136551604586133E-00016
                  27      0.135870351677613E-00016
                  28      0.135298998500494E-00016
                  29      0.135673023387806E-00016
                  30      0.136394414507454E-00016
                  31      0.137370415110323E-00016
                  32      0.138512608733433E-00016
                  33      0.139692965894715E-00016
                  34      0.140796416197173E-00016
                  35      0.141755810249513E-00016
                  36      0.142547896461503E-00016
                  37      0.143173885113526E-00016
                  38      0.143645062033763E-00016
                  39      0.143975733579182E-00016
                  40      0.144179222196457E-00016
                  41      0.144264866832614E-00016
                  42      0.144242928594204E-00016
                  43      0.144110820243421E-00016
                  44      0.143873908287466E-00016
                  45      0.143543424871083E-00016
                  46      0.143139571821650E-00016
                  47      0.142691005365428E-00016
                  48      0.142232716261539E-00016
                  49      0.141803373263883E-00016
                  50      0.141142508624544E-00016
