                   1      0.131112355352217E-00016
                   2      0.131135695403111E-00016
                   3      0.131200569965504E-00016
                   4      0.131305081923994E-00016
                   5      0.131447880255595E-00016
                   6      0.131626548888019E-00016
                   7      0.131836807019259E-00016
                   8      0.132073811486248E-00016
                   9      0.132331822539195E-00016
                  10      0.132604640324235E-00016
                  11      0.132886175992225E-00016
                  12      0.133170612676207E-00016
                  13      0.133452549005967E-00016
                  14      0.133727267759641E-00016
                  15      0.133990708082846E-00016
                  16      0.134239315455065E-00016
                  17      0.134470055549604E-00016
                  18      0.134680430852196E-00016
                  19      0.134868399426797E-00016
                  20      0.135032282018546E-00016
                  21      0.135170699654839E-00016
                  22      0.135282521652184E-00016
                  23      0.135366859442349E-00016
                  24      0.135423070170795E-00016
                  25      0.135450763289688E-00016
                  26      0.135450714317676E-00016
                  27      0.135423024031985E-00016
                  28      0.135366918815649E-00016
                  29      0.135282744864370E-00016
                  30      0.135171115849443E-00016
                  31      0.135032879160864E-00016
                  32      0.134869133841856E-00016
                  33      0.134681265380111E-00016
                  34      0.134470999325749E-00016
                  35      0.134240388797603E-00016
                  36      0.133991678169900E-00016
                  37      0.133727561991626E-00016
                  38      0.133451724563062E-00016
                  39      0.133168708400315E-00016
                  40      0.132883466263124E-00016
                  41      0.132601396113769E-00016
                  42      0.132328581103812E-00016
                  43      0.132071479294306E-00016
                  44      0.131836291235933E-00016
                  45      0.131628582643610E-00016
                  46      0.131453028168068E-00016
                  47      0.131313132094645E-00016
                  48      0.131211439769652E-00016
                  49      0.131157677130879E-00016
                  50      0.131167567160916E-00016
