                   1      0.131112410780329E-00016
                   2      0.131133941443953E-00016
                   3      0.131197041246961E-00016
                   4      0.131299422955842E-00016
                   5      0.131439332189015E-00016
                   6      0.131615572720974E-00016
                   7      0.131823871876354E-00016
                   8      0.132059262109034E-00016
                   9      0.132316102236365E-00016
                  10      0.132588235957893E-00016
                  11      0.132869398910765E-00016
                  12      0.133153659255275E-00016
                  13      0.133435667800029E-00016
                  14      0.133710692025133E-00016
                  15      0.133974610649546E-00016
                  16      0.134223905963788E-00016
                  17      0.134455601733416E-00016
                  18      0.134667181635050E-00016
                  19      0.134856538317956E-00016
                  20      0.135021938490606E-00016
                  21      0.135161979919228E-00016
                  22      0.135275543371369E-00016
                  23      0.135361751404266E-00016
                  24      0.135419951155590E-00016
                  25      0.135449712103944E-00016
                  26      0.135451204959075E-00016
                  27      0.135424682339938E-00016
                  28      0.135369765635523E-00016
                  29      0.135286743566559E-00016
                  30      0.135176250836533E-00016
                  31      0.135039208310053E-00016
                  32      0.134876765722519E-00016
                  33      0.134690222277732E-00016
                  34      0.134481057868171E-00016
                  35      0.134251141359759E-00016
                  36      0.134002945199588E-00016
                  37      0.133739571113587E-00016
                  38      0.133464635629902E-00016
                  39      0.133182220014329E-00016
                  40      0.132897035567631E-00016
                  41      0.132614674523687E-00016
                  42      0.132341432621543E-00016
                  43      0.132083776877885E-00016
                  44      0.131847832214717E-00016
                  45      0.131639178710025E-00016
                  46      0.131462486969828E-00016
                  47      0.131321421342429E-00016
                  48      0.131217866697215E-00016
                  49      0.131153495881651E-00016
                  50      0.131130756525691E-00016
