                   1      0.141141301804320E-00016
                   2      0.141141610874178E-00016
                   3      0.141141532332665E-00016
                   4      0.141141338553107E-00016
                   5      0.141141344035653E-00016
                   6      0.141141366972417E-00016
                   7      0.141141367005399E-00016
                   8      0.141141340210252E-00016
                   9      0.141141212132246E-00016
                  10      0.141140788580771E-00016
                  11      0.141137471504308E-00016
                  12      0.141125724989266E-00016
                  13      0.141101904396867E-00016
                  14      0.141063042237781E-00016
                  15      0.141005910487553E-00016
                  16      0.140928156423101E-00016
                  17      0.140830470084043E-00016
                  18      0.140717708022484E-00016
                  19      0.140597259926097E-00016
                  20      0.140476001535713E-00016
                  21      0.140358278664102E-00016
                  22      0.140245659434549E-00016
                  23      0.140137717529544E-00016
                  24      0.140033269677342E-00016
                  25      0.139930548979557E-00016
                  26      0.139827445926955E-00016
                  27      0.139721853740452E-00016
                  28      0.139611345108551E-00016
                  29      0.139492907063098E-00016
                  30      0.139362787511104E-00016
                  31      0.139216572027049E-00016
                  32      0.139049466706817E-00016
                  33      0.138856639305685E-00016
                  34      0.138633543394426E-00016
                  35      0.138376250502679E-00016
                  36      0.138081873035446E-00016
                  37      0.137749163135415E-00016
                  38      0.137379152137099E-00016
                  39      0.136975452442981E-00016
                  40      0.136543848436654E-00016
                  41      0.136090831696208E-00016
                  42      0.135621807579016E-00016
                  43      0.135139646224569E-00016
                  44      0.134644776952968E-00016
                  45      0.134141788755818E-00016
                  46      0.133639048374761E-00016
                  47      0.133148928386115E-00016
                  48      0.132687068621418E-00016
                  49      0.132269906979829E-00016
                  50      0.131112410727973E-00016
