                   1      0.141141877877122E-00016
                   2      0.141136270813251E-00016
                   3      0.141123045476452E-00016
                   4      0.141101635104730E-00016
                   5      0.141071810918577E-00016
                   6      0.141033508608794E-00016
                   7      0.140986735866627E-00016
                   8      0.140931517484974E-00016
                   9      0.140867884645193E-00016
                  10      0.140795915072789E-00016
                  11      0.140715836726475E-00016
                  12      0.140628190447072E-00016
                  13      0.140534030797091E-00016
                  14      0.140435013983924E-00016
                  15      0.140333091800452E-00016
                  16      0.140230292249410E-00016
                  17      0.140128072146557E-00016
                  18      0.140026749158906E-00016
                  19      0.139925724552519E-00016
                  20      0.139822313639720E-00016
                  21      0.139710814616403E-00016
                  22      0.139585083959617E-00016
                  23      0.139437187553750E-00016
                  24      0.139258587863938E-00016
                  25      0.139042738383774E-00016
                  26      0.138787005899424E-00016
                  27      0.138491625560282E-00016
                  28      0.138158846544727E-00016
                  29      0.137792122081160E-00016
                  30      0.137395573821822E-00016
                  31      0.136973844152306E-00016
                  32      0.136532256057855E-00016
                  33      0.136076967114153E-00016
                  34      0.135614796862874E-00016
                  35      0.135152711051172E-00016
                  36      0.134697244046842E-00016
                  37      0.134254145299356E-00016
                  38      0.133828333543415E-00016
                  39      0.133424045658773E-00016
                  40      0.133045008311244E-00016
                  41      0.132694484143244E-00016
                  42      0.132375154412512E-00016
                  43      0.132089025597634E-00016
                  44      0.131837450052141E-00016
                  45      0.131621348728895E-00016
                  46      0.131441532697857E-00016
                  47      0.131299028486497E-00016
                  48      0.131195310701184E-00016
                  49      0.131132263305318E-00016
                  50      0.131112355321215E-00016
