                   1      0.119604458974515E-00016
                   2      0.119609924343298E-00016
                   3      0.119626733628492E-00016
                   4      0.119654498950653E-00016
                   5      0.119692887448596E-00016
                   6      0.119741645909926E-00016
                   7      0.119800394661934E-00016
                   8      0.119868772513573E-00016
                   9      0.119946379615442E-00016
                  10      0.120032758907449E-00016
                  11      0.120127373125023E-00016
                  12      0.120229537344998E-00016
                  13      0.120338220063734E-00016
                  14      0.120451532220979E-00016
                  15      0.120565721144613E-00016
                  16      0.120673978675409E-00016
                  17      0.120767037394345E-00016
                  18      0.120837232609953E-00016
                  19      0.120893225018690E-00016
                  20      0.120942489195455E-00016
                  21      0.120983891511816E-00016
                  22      0.121013911433609E-00016
                  23      0.121027715789546E-00016
                  24      0.121021469950414E-00016
                  25      0.120994039735557E-00016
                  26      0.120940722125889E-00016
                  27      0.120858128095473E-00016
                  28      0.120744708025792E-00016
                  29      0.120600694972257E-00016
                  30      0.120427871867773E-00016
                  31      0.120229269973083E-00016
                  32      0.120008855002811E-00016
                  33      0.119771179784057E-00016
                  34      0.119521030239075E-00016
                  35      0.119263118994999E-00016
                  36      0.119001877072390E-00016
                  37      0.118741374817133E-00016
                  38      0.118485361361314E-00016
                  39      0.118237351886620E-00016
                  40      0.118000664853240E-00016
                  41      0.117778364640166E-00016
                  42      0.117573151059940E-00016
                  43      0.117387277344993E-00016
                  44      0.117222551453719E-00016
                  45      0.117080417034257E-00016
                  46      0.116962139315004E-00016
                  47      0.116868924710727E-00016
                  48      0.116800976045170E-00016
                  49      0.116759573589691E-00016
                  50      0.116746355710264E-00016
