                   1      0.116746355721221E-00016
                   2      0.116762171591946E-00016
                   3      0.116809523909038E-00016
                   4      0.116887112643410E-00016
                   5      0.116994050103344E-00016
                   6      0.117129394714507E-00016
                   7      0.117291411547014E-00016
                   8      0.117477816683389E-00016
                   9      0.117685844273812E-00016
                  10      0.117912294575550E-00016
                  11      0.118153504903830E-00016
                  12      0.118405347519782E-00016
                  13      0.118663279780071E-00016
                  14      0.118922450470551E-00016
                  15      0.119177908559335E-00016
                  16      0.119424917368542E-00016
                  17      0.119659238677729E-00016
                  18      0.119877172390992E-00016
                  19      0.120075398881875E-00016
                  20      0.120250920057925E-00016
                  21      0.120401161123770E-00016
                  22      0.120524056496030E-00016
                  23      0.120618033200800E-00016
                  24      0.120681942148170E-00016
                  25      0.120715043087256E-00016
                  26      0.120717209127286E-00016
                  27      0.120688550169668E-00016
                  28      0.120629031128503E-00016
                  29      0.120539237115537E-00016
                  30      0.120420181250059E-00016
                  31      0.120273292925563E-00016
                  32      0.120100445146115E-00016
                  33      0.119903986524769E-00016
                  34      0.119686789883825E-00016
                  35      0.119452317548647E-00016
                  36      0.119204639889444E-00016
                  37      0.118948333585702E-00016
                  38      0.118688275333400E-00016
                  39      0.118429393844842E-00016
                  40      0.118176444143373E-00016
                  41      0.117933866838617E-00016
                  42      0.117705737665624E-00016
                  43      0.117495775929986E-00016
                  44      0.117307351628802E-00016
                  45      0.117143405223323E-00016
                  46      0.117006371970821E-00016
                  47      0.116897633930839E-00016
                  48      0.116818252893081E-00016
                  49      0.116769378730676E-00016
                  50      0.116752496541791E-00016
