                   1      0.119604458959333E-00016
                   2      0.119628532488800E-00016
                   3      0.119679923414138E-00016
                   4      0.119757366288970E-00016
                   5      0.119859844739221E-00016
                   6      0.119986690425889E-00016
                   7      0.120136331635124E-00016
                   8      0.120304888121875E-00016
                   9      0.120480295680372E-00016
                  10      0.120649023025804E-00016
                  11      0.120788553016389E-00016
                  12      0.120891517526957E-00016
                  13      0.120966986031456E-00016
                  14      0.121024728169535E-00016
                  15      0.121099625658580E-00016
                  16      0.121099135257262E-00016
                  17      0.121055974219705E-00016
                  18      0.121058419535076E-00016
                  19      0.121054034330929E-00016
                  20      0.121033012480646E-00016
                  21      0.121028722274986E-00016
                  22      0.121218289162024E-00016
                  23      0.121605690250569E-00016
                  24      0.122165582511363E-00016
                  25      0.122840594188430E-00016
                  26      0.123501404474510E-00016
                  27      0.124110465797441E-00016
                  28      0.124641071644865E-00016
                  29      0.125075654440286E-00016
                  30      0.125403356687272E-00016
                  31      0.125618998675009E-00016
                  32      0.125722456051367E-00016
                  33      0.125718804546075E-00016
                  34      0.125615836444774E-00016
                  35      0.125425820160338E-00016
                  36      0.125164994475601E-00016
                  37      0.124853249405092E-00016
                  38      0.124511424621270E-00016
                  39      0.124155802909622E-00016
                  40      0.123788675835216E-00016
                  41      0.123382609979133E-00016
                  42      0.122923003304477E-00016
                  43      0.122417513429992E-00016
                  44      0.121890376299725E-00016
                  45      0.121368821502213E-00016
                  46      0.120875258958472E-00016
                  47      0.120433129722598E-00016
                  48      0.120063259743010E-00016
                  49      0.119785773625906E-00016
                  50      0.119590847186063E-00016
