                   1      0.345635870494761E-00018
                   2      0.347387887128401E-00018
                   3      0.348638679435521E-00018
                   4      0.349974595563741E-00018
                   5      0.351305690780670E-00018
                   6      0.352548136013151E-00018
                   7      0.353626222102085E-00018
                   8      0.354476976878368E-00018
                   9      0.355052561971327E-00018
                  10      0.355307679035121E-00018
                  11      0.355321807196174E-00018
                  12      0.355321882380855E-00018
                  13      0.355321895888537E-00018
                  14      0.355321903539257E-00018
                  15      0.355321458121071E-00018
                  16      0.355180800282283E-00018
                  17      0.354719579674774E-00018
                  18      0.353940626712162E-00018
                  19      0.352629286461016E-00018
                  20      0.350508942050854E-00018
                  21      0.351317220850156E-00018
                  22      0.353891519766113E-00018
                  23      0.356826731640604E-00018
                  24      0.359951587199993E-00018
                  25      0.363186025103030E-00018
                  26      0.366428785269319E-00018
                  27      0.369565148806836E-00018
                  28      0.372478088039890E-00018
                  29      0.375061643602027E-00018
                  30      0.377226926914039E-00018
                  31      0.378907658052774E-00018
                  32      0.380069323234089E-00018
                  33      0.380728946571854E-00018
                  34      0.380969600901289E-00018
                  35      0.381008336342122E-00018
                  36      0.381008184812459E-00018
                  37      0.380646276038972E-00018
                  38      0.379369089894566E-00018
                  39      0.377372664919474E-00018
                  40      0.374745411205329E-00018
                  41      0.371664481360553E-00018
                  42      0.368310502711243E-00018
                  43      0.364840900735301E-00018
                  44      0.361390488971278E-00018
                  45      0.358076697701028E-00018
                  46      0.355000274595985E-00018
                  47      0.352244166210050E-00018
                  48      0.349870526820413E-00018
                  49      0.347924350456169E-00018
                  50      0.345670115396925E-00018
