                   1      0.345670115260008E-00018
                   2      0.345734724985301E-00018
                   3      0.345891428256942E-00018
                   4      0.346131418964440E-00018
                   5      0.346448034180886E-00018
                   6      0.346833546353199E-00018
                   7      0.347279570384741E-00018
                   8      0.347777216830479E-00018
                   9      0.348317216797508E-00018
                  10      0.348890041887943E-00018
                  11      0.349486017366293E-00018
                  12      0.350095430990177E-00018
                  13      0.350708639093612E-00018
                  14      0.351316171893300E-00018
                  15      0.351908835677072E-00018
                  16      0.352477809015620E-00018
                  17      0.353014735927440E-00018
                  18      0.353511822184211E-00018
                  19      0.353961931803851E-00018
                  20      0.354358667997918E-00018
                  21      0.354696437120866E-00018
                  22      0.354970506171254E-00018
                  23      0.355177052656392E-00018
                  24      0.355313197769194E-00018
                  25      0.355376941189741E-00018
                  26      0.355378358751624E-00018
                  27      0.355318748930459E-00018
                  28      0.355186787581012E-00018
                  29      0.354984405193400E-00018
                  30      0.354714453994785E-00018
                  31      0.354380752277725E-00018
                  32      0.353988039723238E-00018
                  33      0.353541906398264E-00018
                  34      0.353048732305041E-00018
                  35      0.352515631707180E-00018
                  36      0.351950377508737E-00018
                  37      0.351361307677364E-00018
                  38      0.350757228995269E-00018
                  39      0.350147330441446E-00018
                  40      0.349541087296793E-00018
                  41      0.348948144501147E-00018
                  42      0.348378205714644E-00018
                  43      0.347840934666904E-00018
                  44      0.347345848327526E-00018
                  45      0.346902203856588E-00018
                  46      0.346518883854463E-00018
                  47      0.346204274514802E-00018
                  48      0.345966111839428E-00018
                  49      0.345811101955748E-00018
                  50      0.345748223280034E-00018
