                   1      0.345670115232697E-00018
                   2      0.345732864619507E-00018
                   3      0.345887554018832E-00018
                   4      0.346125239883814E-00018
                   5      0.346439364467859E-00018
                   6      0.346822204995417E-00018
                   7      0.347265357425923E-00018
                   8      0.347759916311620E-00018
                   9      0.348296617089488E-00018
                  10      0.348865957253139E-00018
                  11      0.349458297834336E-00018
                  12      0.350063947244744E-00018
                  13      0.350673264843297E-00018
                  14      0.351276772616874E-00018
                  15      0.351865245961510E-00018
                  16      0.352429844580369E-00018
                  17      0.352962268369533E-00018
                  18      0.353454822814825E-00018
                  19      0.353900432763653E-00018
                  20      0.354292707748945E-00018
                  21      0.354626044020587E-00018
                  22      0.354895710880471E-00018
                  23      0.355097908989848E-00018
                  24      0.355229793298091E-00018
                  25      0.355289426485509E-00018
                  26      0.355288758590521E-00018
                  27      0.355227358297695E-00018
                  28      0.355093697080393E-00018
                  29      0.354889721381687E-00018
                  30      0.354618278683096E-00018
                  31      0.354283174574718E-00018
                  32      0.353889143837881E-00018
                  33      0.353441778815044E-00018
                  34      0.352947454918443E-00018
                  35      0.352413277380098E-00018
                  36      0.351847011942310E-00018
                  37      0.351256989974410E-00018
                  38      0.350652014071755E-00018
                  39      0.350041271111019E-00018
                  40      0.349434228030686E-00018
                  41      0.348840519301848E-00018
                  42      0.348269852087223E-00018
                  43      0.347731901194624E-00018
                  44      0.347236190099610E-00018
                  45      0.346791981213203E-00018
                  46      0.346408161414929E-00018
                  47      0.346093117597986E-00018
                  48      0.345854558439117E-00018
                  49      0.345699005634112E-00018
                  50      0.345635870505431E-00018
