                   1      0.345671940703117E-00018
                   2      0.346046910467580E-00018
                   3      0.347120969942565E-00018
                   4      0.348912449260969E-00018
                   5      0.351395982191843E-00018
                   6      0.354500125269769E-00018
                   7      0.358110770125668E-00018
                   8      0.362077213079551E-00018
                   9      0.366220387128994E-00018
                  10      0.370343149347180E-00018
                  11      0.374241908286447E-00018
                  12      0.377718843541774E-00018
                  13      0.380593965251062E-00018
                  14      0.382716269245778E-00018
                  15      0.383973154017090E-00018
                  16      0.384308710234261E-00018
                  17      0.383797298882260E-00018
                  18      0.382362631495870E-00018
                  19      0.380081382224960E-00018
                  20      0.377074336652617E-00018
                  21      0.373499045149008E-00018
                  22      0.369539923179981E-00018
                  23      0.365396908959455E-00018
                  24      0.361273301150366E-00018
                  25      0.357363538563126E-00018
                  26      0.353841841535778E-00018
                  27      0.350852314383164E-00018
                  28      0.348501012966778E-00018
                  29      0.346850636564495E-00018
                  30      0.345917537821181E-00018
                  31      0.345686281858699E-00018
                  32      0.346131151085418E-00018
                  33      0.347071253158183E-00018
                  34      0.348369137067637E-00018
                  35      0.349870534130082E-00018
                  36      0.351415504650381E-00018
                  37      0.352850009000093E-00018
                  38      0.354036807315625E-00018
                  39      0.354865248259853E-00018
                  40      0.355258906246383E-00018
                  41      0.355217811057015E-00018
                  42      0.354734382078809E-00018
                  43      0.353827796760377E-00018
                  44      0.352581056993792E-00018
                  45      0.351112350666182E-00018
                  46      0.349563224573743E-00018
                  47      0.348088751037333E-00018
                  48      0.346848574823564E-00018
                  49      0.345996448478131E-00018
                  50      0.345671940665144E-00018
