                   1      0.345671940591544E-00018
                   2      0.345857519349731E-00018
                   3      0.346362371357487E-00018
                   4      0.347131679237040E-00018
                   5      0.348103937503977E-00018
                   6      0.349212406589884E-00018
                   7      0.350387621115241E-00018
                   8      0.351560265666164E-00018
                   9      0.352664107508522E-00018
                  10      0.353638715437106E-00018
                  11      0.354431923348955E-00018
                  12      0.355001964882917E-00018
                  13      0.355319144628896E-00018
                  14      0.355369774893647E-00018
                  15      0.355474084547041E-00018
                  16      0.355909346878440E-00018
                  17      0.356833720261501E-00018
                  18      0.358351454106888E-00018
                  19      0.360384208856341E-00018
                  20      0.362783054199772E-00018
                  21      0.365428361804724E-00018
                  22      0.368217190157873E-00018
                  23      0.371047438301031E-00018
                  24      0.373816425063562E-00018
                  25      0.376423849930650E-00018
                  26      0.378775341236603E-00018
                  27      0.380785846929966E-00018
                  28      0.382382480857526E-00018
                  29      0.383505209515839E-00018
                  30      0.384100327725071E-00018
                  31      0.384086003142704E-00018
                  32      0.383473593687634E-00018
                  33      0.382321842735025E-00018
                  34      0.380679728623931E-00018
                  35      0.378600471261417E-00018
                  36      0.376147404959566E-00018
                  37      0.373394000851530E-00018
                  38      0.370421637095888E-00018
                  39      0.367316770800776E-00018
                  40      0.364167911852267E-00018
                  41      0.361062556485055E-00018
                  42      0.358084211856892E-00018
                  43      0.355309604726086E-00018
                  44      0.352806165815696E-00018
                  45      0.350629879101449E-00018
                  46      0.348823466062136E-00018
                  47      0.347415021145661E-00018
                  48      0.346417562535041E-00018
                  49      0.345829431631429E-00018
                  50      0.345635870476289E-00018
