                   1      0.219509727827048E-00016
                   2      0.204003719325790E-00016
                   3      0.188995621863275E-00016
                   4      0.174524201352217E-00016
                   5      0.160604418790954E-00016
                   6      0.147259266351519E-00016
                   7      0.134500985246828E-00016
                   8      0.122351436000663E-00016
                   9      0.110814858196616E-00016
                  10      0.999124047344069E-00017
                  11      0.896408893462019E-00017
                  12      0.800201853111890E-00017
                  13      0.710402173115274E-00017
                  14      0.627178095184733E-00017
                  15      0.550364884738191E-00017
                  16      0.480062996557507E-00017
                  17      0.416065840978293E-00017
                  18      0.358338328718554E-00017
                  19      0.306686595579260E-00017
                  20      0.260823344357207E-00017
                  21      0.220692733474709E-00017
                  22      0.185787563037668E-00017
                  23      0.155779766736711E-00017
                  24      0.130436656292529E-00017
                  25      0.109213089849349E-00017
                  26      0.916730813013205E-00018
                  27      0.773895876701274E-00018
                  28      0.659174955527902E-00018
                  29      0.568742734579330E-00018
                  30      0.498778852719764E-00018
                  31      0.445752919250623E-00018
                  32      0.407140777885806E-00018
                  33      0.380313055179652E-00018
                  34      0.363355928581401E-00018
                  35      0.354163028192314E-00018
                  36      0.351699641619220E-00018
                  37      0.350020352935812E-00018
                  38      0.348827181675783E-00018
                  39      0.348289636667597E-00018
                  40      0.347847501549721E-00018
                  41      0.347441743260427E-00018
                  42      0.347081707727615E-00018
                  43      0.346768856889391E-00018
                  44      0.346489959675449E-00018
                  45      0.346249899392227E-00018
                  46      0.346048751739802E-00018
                  47      0.345888339002796E-00018
                  48      0.345770801180776E-00018
                  49      0.345697846103738E-00018
                  50      0.345671940789081E-00018
