                   1      0.345748223215643E-00018
                   2      0.345808933350197E-00018
                   3      0.345962136832295E-00018
                   4      0.346198223389923E-00018
                   5      0.346510653362441E-00018
                   6      0.346891686827603E-00018
                   7      0.347332940700243E-00018
                   8      0.347825552921119E-00018
                   9      0.348360281507179E-00018
                  10      0.348927626239039E-00018
                  11      0.349517933879937E-00018
                  12      0.350121491809826E-00018
                  13      0.350728646343851E-00018
                  14      0.351329937474565E-00018
                  15      0.351916200679018E-00018
                  16      0.352478649606431E-00018
                  17      0.353008962701767E-00018
                  18      0.353499376196602E-00018
                  19      0.353942784614473E-00018
                  20      0.354332830451280E-00018
                  21      0.354663952990379E-00018
                  22      0.354931429997920E-00018
                  23      0.355131446540894E-00018
                  24      0.355261153517402E-00018
                  25      0.355318608373849E-00018
                  26      0.355316643136134E-00018
                  27      0.355253068997325E-00018
                  28      0.355117311676006E-00018
                  29      0.354911299504008E-00018
                  30      0.354637900431294E-00018
                  31      0.354300920377460E-00018
                  32      0.353905077632151E-00018
                  33      0.353455960832194E-00018
                  34      0.352959962631589E-00018
                  35      0.352424199423790E-00018
                  36      0.351856432862753E-00018
                  37      0.351264993945329E-00018
                  38      0.350658709813413E-00018
                  39      0.350046806476349E-00018
                  40      0.349438770637690E-00018
                  41      0.348844213947105E-00018
                  42      0.348272787563323E-00018
                  43      0.347734135306855E-00018
                  44      0.347237803552379E-00018
                  45      0.346793075016980E-00018
                  46      0.346408832816615E-00018
                  47      0.346093465710832E-00018
                  48      0.345854709994058E-00018
                  49      0.345699158265848E-00018
                  50      0.345635870474510E-00018
