                   1      0.345635870513213E-00018
                   2      0.345697756917758E-00018
                   3      0.345851878539026E-00018
                   4      0.346089380881628E-00018
                   5      0.346403635360481E-00018
                   6      0.346786903466110E-00018
                   7      0.347230801410581E-00018
                   8      0.347726457893211E-00018
                   9      0.348264616893264E-00018
                  10      0.348835744526384E-00018
                  11      0.349430155217136E-00018
                  12      0.350038136406384E-00018
                  13      0.350650051725810E-00018
                  14      0.351256440653216E-00018
                  15      0.351848121699218E-00018
                  16      0.352416288148660E-00018
                  17      0.352952598195328E-00018
                  18      0.353449263670880E-00018
                  19      0.353899140412238E-00018
                  20      0.354295812134794E-00018
                  21      0.354633669097305E-00018
                  22      0.354907975991573E-00018
                  23      0.355114924819663E-00018
                  24      0.355251652277160E-00018
                  25      0.355316225764679E-00018
                  26      0.355318264647813E-00018
                  27      0.355259739895417E-00018
                  28      0.355128974013819E-00018
                  29      0.354927931898065E-00018
                  30      0.354659480317972E-00018
                  31      0.354327444191299E-00018
                  32      0.353936551045376E-00018
                  33      0.353492376673100E-00018
                  34      0.353001302567404E-00018
                  35      0.352470448305232E-00018
                  36      0.351907584278612E-00018
                  37      0.351321047657988E-00018
                  38      0.350719646967675E-00018
                  39      0.350112551626239E-00018
                  40      0.349509196426858E-00018
                  41      0.348919205338215E-00018
                  42      0.348352285831867E-00018
                  43      0.347818098450770E-00018
                  44      0.347326143675481E-00018
                  45      0.346885670419269E-00018
                  46      0.346505566617246E-00018
                  47      0.346194216393757E-00018
                  48      0.345959329692873E-00018
                  49      0.345807493659735E-00018
                  50      0.345748223173866E-00018
