                   1      0.345670115325024E-00018
                   2      0.345729663838972E-00018
                   3      0.345881941484663E-00018
                   4      0.346117459843699E-00018
                   5      0.346429590982951E-00018
                   6      0.346810613748569E-00018
                   7      0.347252141161750E-00018
                   8      0.347745287694093E-00018
                   9      0.348280803220198E-00018
                  10      0.348849188116758E-00018
                  11      0.349440792255607E-00018
                  12      0.350045914551297E-00018
                  13      0.350654914211339E-00018
                  14      0.351258325742594E-00018
                  15      0.351846964784639E-00018
                  16      0.352412024707538E-00018
                  17      0.352945173292248E-00018
                  18      0.353438646186390E-00018
                  19      0.353885325167290E-00018
                  20      0.354278810338207E-00018
                  21      0.354613501086196E-00018
                  22      0.354884669701003E-00018
                  23      0.355088509927929E-00018
                  24      0.355222165844617E-00018
                  25      0.355283693132429E-00018
                  26      0.355283757525590E-00018
                  27      0.355222255491625E-00018
                  28      0.355088592552784E-00018
                  29      0.354884749001734E-00018
                  30      0.354613591530036E-00018
                  31      0.354278926872335E-00018
                  32      0.353885474637768E-00018
                  33      0.353438827435838E-00018
                  34      0.352945388073217E-00018
                  35      0.352412284495568E-00018
                  36      0.351847283529620E-00018
                  37      0.351258712260372E-00018
                  38      0.350655375500185E-00018
                  39      0.350046460241421E-00018
                  40      0.349441431772010E-00018
                  41      0.348849924923892E-00018
                  42      0.348281633322508E-00018
                  43      0.347746207486854E-00018
                  44      0.347253158721481E-00018
                  45      0.346811746547054E-00018
                  46      0.346430849895820E-00018
                  47      0.346118839282192E-00018
                  48      0.345883424564517E-00018
                  49      0.345731264805088E-00018
                  50      0.345671940687844E-00018
