                   1      0.345748223263245E-00018
                   2      0.347061670219839E-00018
                   3      0.348239064928575E-00018
                   4      0.349560698459452E-00018
                   5      0.350928809904084E-00018
                   6      0.352244676233992E-00018
                   7      0.353415518291212E-00018
                   8      0.354360508412644E-00018
                   9      0.355016274967125E-00018
                  10      0.355343207859902E-00018
                  11      0.355380868786070E-00018
                  12      0.355382410396415E-00018
                  13      0.355382412683764E-00018
                  14      0.355360976157465E-00018
                  15      0.355078410225253E-00018
                  16      0.354463594715724E-00018
                  17      0.353551818188274E-00018
                  18      0.352403562838162E-00018
                  19      0.351098100762334E-00018
                  20      0.349727359567836E-00018
                  21      0.348383267405191E-00018
                  22      0.346463262522967E-00018
                  23      0.347673141863770E-00018
                  24      0.349353722380064E-00018
                  25      0.351464518268792E-00018
                  26      0.353933442135368E-00018
                  27      0.356655598564293E-00018
                  28      0.359517433183265E-00018
                  29      0.362403042710290E-00018
                  30      0.365197592012428E-00018
                  31      0.367794066242900E-00018
                  32      0.370099447574627E-00018
                  33      0.372041052727636E-00018
                  34      0.373572829108271E-00018
                  35      0.374680751394149E-00018
                  36      0.375385443990466E-00018
                  37      0.375685894025162E-00018
                  38      0.375344143163064E-00018
                  39      0.374938777555810E-00018
                  40      0.373243845441034E-00018
                  41      0.370571886931701E-00018
                  42      0.367318875308650E-00018
                  43      0.363812609580755E-00018
                  44      0.360295445872327E-00018
                  45      0.356942091390674E-00018
                  46      0.353881525666232E-00018
                  47      0.351210030900061E-00018
                  48      0.348994726209635E-00018
                  49      0.347272353446823E-00018
                  50      0.345671940729782E-00018
