                   1      0.387217291111798E-00016
                   2      0.357895646631449E-00016
                   3      0.328569026703393E-00016
                   4      0.299558969275108E-00016
                   5      0.271187209583055E-00016
                   6      0.243766827166614E-00016
                   7      0.217547465848933E-00016
                   8      0.192734232150537E-00016
                   9      0.169526590889570E-00016
                  10      0.148024932363523E-00016
                  11      0.128302521207467E-00016
                  12      0.110429899422064E-00016
                  13      0.943406804225231E-00017
                  14      0.800600682616255E-00017
                  15      0.674363699987425E-00017
                  16      0.564517855752311E-00017
                  17      0.469189813470764E-00017
                  18      0.387590923070282E-00017
                  19      0.318243495187852E-00017
                  20      0.259731497732009E-00017
                  21      0.211051925913622E-00017
                  22      0.170911916033472E-00017
                  23      0.138122800358037E-00017
                  24      0.111738889543359E-00017
                  25      0.908579402518093E-00018
                  26      0.746494377626681E-00018
                  27      0.623448057510395E-00018
                  28      0.532152031239125E-00018
                  29      0.468817756112223E-00018
                  30      0.426259265142907E-00018
                  31      0.401408852968362E-00018
                  32      0.387741910302849E-00018
                  33      0.380178359204269E-00018
                  34      0.375566486314364E-00018
                  35      0.371344331925411E-00018
                  36      0.367866690135725E-00018
                  37      0.364961349470860E-00018
                  38      0.362180340729067E-00018
                  39      0.359610853901595E-00018
                  40      0.357243352781008E-00018
                  41      0.355059085352985E-00018
                  42      0.353105349427536E-00018
                  43      0.351358601471439E-00018
                  44      0.349849157735145E-00018
                  45      0.348570700213619E-00018
                  46      0.347536230318844E-00018
                  47      0.346741020564078E-00018
                  48      0.346183879223809E-00018
                  49      0.345856426758346E-00018
                  50      0.345748223326343E-00018
