                   1      0.345635870556240E-00018
                   2      0.345668548867981E-00018
                   3      0.345760521379702E-00018
                   4      0.345907615421667E-00018
                   5      0.346106483277138E-00018
                   6      0.346353461841960E-00018
                   7      0.346644623558641E-00018
                   8      0.346975817959360E-00018
                   9      0.347342702749477E-00018
                  10      0.347740770022579E-00018
                  11      0.348165372760864E-00018
                  12      0.348611755605132E-00018
                  13      0.349075092802057E-00018
                  14      0.349550531251956E-00018
                  15      0.350033231809157E-00018
                  16      0.350518399858032E-00018
                  17      0.351001269214949E-00018
                  18      0.351476826029689E-00018
                  19      0.351938741852698E-00018
                  20      0.352381883383992E-00018
                  21      0.352826060921108E-00018
                  22      0.354063598692925E-00018
                  23      0.366023271875304E-00018
                  24      0.413261280762867E-00018
                  25      0.526649810682323E-00018
                  26      0.718850199635501E-00018
                  27      0.972424714409573E-00018
                  28      0.127356646547747E-00017
                  29      0.162227127908176E-00017
                  30      0.202168161334443E-00017
                  31      0.247311589629850E-00017
                  32      0.297630345043779E-00017
                  33      0.353038624553625E-00017
                  34      0.413433905561670E-00017
                  35      0.478704065778616E-00017
                  36      0.548727739933403E-00017
                  37      0.623374525026993E-00017
                  38      0.702505264644216E-00017
                  39      0.785972542288136E-00017
                  40      0.873621733445668E-00017
                  41      0.965293473135861E-00017
                  42      0.106082942321048E-00016
                  43      0.116008497128010E-00016
                  44      0.126295470849936E-00016
                  45      0.136941763285345E-00016
                  46      0.147960512367326E-00016
                  47      0.159388031172459E-00016
                  48      0.171289511046252E-00016
                  49      0.183763005375240E-00016
                  50      0.196417687490443E-00016
