                   1      0.345671940734722E-00018
                   2      0.345930782611555E-00018
                   3      0.346568340404190E-00018
                   4      0.347505016782975E-00018
                   5      0.348654711236160E-00018
                   6      0.349925122040069E-00018
                   7      0.351222294498315E-00018
                   8      0.352455280498447E-00018
                   9      0.353540727034073E-00018
                  10      0.354407083732879E-00018
                  11      0.354998151768829E-00018
                  12      0.355275494417894E-00018
                  13      0.355265749525209E-00018
                  14      0.354963045465985E-00018
                  15      0.354348654159916E-00018
                  16      0.353465588853611E-00018
                  17      0.352402552435837E-00018
                  18      0.351366008489316E-00018
                  19      0.350775973476678E-00018
                  20      0.352205839558284E-00018
                  21      0.354256213859455E-00018
                  22      0.356760469272664E-00018
                  23      0.359638406828529E-00018
                  24      0.362790495127991E-00018
                  25      0.366100723055205E-00018
                  26      0.369444449138968E-00018
                  27      0.372694180183395E-00018
                  28      0.375724903240255E-00018
                  29      0.378419120337754E-00018
                  30      0.380670943259408E-00018
                  31      0.382387700021849E-00018
                  32      0.383484553976173E-00018
                  33      0.383885590056483E-00018
                  34      0.383241799622183E-00018
                  35      0.381901813436870E-00018
                  36      0.379941613846218E-00018
                  37      0.377455084190658E-00018
                  38      0.374547364316219E-00018
                  39      0.371330014646588E-00018
                  40      0.367919943257097E-00018
                  41      0.364437006241112E-00018
                  42      0.360999959231888E-00018
                  43      0.357721792172854E-00018
                  44      0.354705153937704E-00018
                  45      0.352038233882935E-00018
                  46      0.349791321495330E-00018
                  47      0.348014204538754E-00018
                  48      0.346734587632918E-00018
                  49      0.345957649354621E-00018
                  50      0.345670115313612E-00018
