                   1      0.345748223280094E-00018
                   2      0.345811331377103E-00018
                   3      0.345966532745868E-00018
                   4      0.346204843335575E-00018
                   5      0.346519565056874E-00018
                   6      0.346902963329445E-00018
                   7      0.347346664447975E-00018
                   8      0.347841806108512E-00018
                   9      0.348379145939483E-00018
                  10      0.348949165899634E-00018
                  11      0.349542180538609E-00018
                  12      0.350148455860561E-00018
                  13      0.350758334164494E-00018
                  14      0.351362350640959E-00018
                  15      0.351951337221150E-00018
                  16      0.352516513206633E-00018
                  17      0.353049559854042E-00018
                  18      0.353542697459524E-00018
                  19      0.353988786659961E-00018
                  20      0.354381430875532E-00018
                  21      0.354715045794459E-00018
                  22      0.354984908381254E-00018
                  23      0.355187201071697E-00018
                  24      0.355319049605195E-00018
                  25      0.355378497704808E-00018
                  26      0.355377012313170E-00018
                  27      0.355313351529819E-00018
                  28      0.355177299023211E-00018
                  29      0.354970851546999E-00018
                  30      0.354696890568464E-00018
                  31      0.354359242185448E-00018
                  32      0.353962641615365E-00018
                  33      0.353512678740285E-00018
                  34      0.353015742902910E-00018
                  35      0.352478961161130E-00018
                  36      0.351910117636559E-00018
                  37      0.351317554091901E-00018
                  38      0.350710071638635E-00018
                  39      0.350096852131266E-00018
                  40      0.349487378794239E-00018
                  41      0.348891324429164E-00018
                  42      0.348318421845077E-00018
                  43      0.347778346765984E-00018
                  44      0.347280612538484E-00018
                  45      0.346834468602776E-00018
                  46      0.346448795407564E-00018
                  47      0.346131984522150E-00018
                  48      0.345891776568394E-00018
                  49      0.345734851868981E-00018
                  50      0.345670115319799E-00018
