                   1      0.345635870568736E-00018
                   2      0.345795101133269E-00018
                   3      0.346235798174162E-00018
                   4      0.346913905198656E-00018
                   5      0.347780438847416E-00018
                   6      0.348781684446133E-00018
                   7      0.349861299394999E-00018
                   8      0.350961761950635E-00018
                   9      0.352003434036203E-00018
                  10      0.352051529439313E-00018
                  11      0.352276101266766E-00018
                  12      0.352864729001696E-00018
                  13      0.353778919864613E-00018
                  14      0.354972561680004E-00018
                  15      0.356401144566119E-00018
                  16      0.358063953838200E-00018
                  17      0.360073879414123E-00018
                  18      0.362557729748315E-00018
                  19      0.365427490842045E-00018
                  20      0.368361568138391E-00018
                  21      0.371235242717458E-00018
                  22      0.373972780539945E-00018
                  23      0.376504192761935E-00018
                  24      0.378763734539351E-00018
                  25      0.380692080496138E-00018
                  26      0.382238420488752E-00018
                  27      0.383361773682937E-00018
                  28      0.384032106036112E-00018
                  29      0.384232722077638E-00018
                  30      0.383976207106937E-00018
                  31      0.383250657457808E-00018
                  32      0.382075403266600E-00018
                  33      0.380481625449436E-00018
                  34      0.378511441822870E-00018
                  35      0.376217103739826E-00018
                  36      0.373658894712166E-00018
                  37      0.370902904778459E-00018
                  38      0.368019385249463E-00018
                  39      0.365080617293698E-00018
                  40      0.362158477538916E-00018
                  41      0.359322433435880E-00018
                  42      0.356637462872365E-00018
                  43      0.354162200219959E-00018
                  44      0.351947329912765E-00018
                  45      0.350034142488283E-00018
                  46      0.348453351881800E-00018
                  47      0.347224451285716E-00018
                  48      0.346355317253533E-00018
                  49      0.345842385339743E-00018
                  50      0.345671940118729E-00018
