                   1      0.345670115298607E-00018
                   2      0.345909486613156E-00018
                   3      0.346503773991149E-00018
                   4      0.347381118270126E-00018
                   5      0.348465508720815E-00018
                   6      0.349675072651108E-00018
                   7      0.350925827717012E-00018
                   8      0.352135612098467E-00018
                   9      0.353227946551759E-00018
                  10      0.354135618582561E-00018
                  11      0.354803810790337E-00018
                  12      0.355192597100535E-00018
                  13      0.355288090033871E-00018
                  14      0.355142860056448E-00018
                  15      0.354702805723323E-00018
                  16      0.354043133271756E-00018
                  17      0.353426370123119E-00018
                  18      0.354365815688012E-00018
                  19      0.355943254145850E-00018
                  20      0.358099891629094E-00018
                  21      0.360663236386918E-00018
                  22      0.363512740842866E-00018
                  23      0.366540711306544E-00018
                  24      0.369634454553223E-00018
                  25      0.372677908666738E-00018
                  26      0.375556381550716E-00018
                  27      0.378161762116741E-00018
                  28      0.380397557886640E-00018
                  29      0.382181695750199E-00018
                  30      0.383443990735446E-00018
                  31      0.384115865990569E-00018
                  32      0.384187030762920E-00018
                  33      0.383676032012713E-00018
                  34      0.382548333713556E-00018
                  35      0.380858720497313E-00018
                  36      0.378667844955445E-00018
                  37      0.376051127594802E-00018
                  38      0.373097407448108E-00018
                  39      0.369905565201676E-00018
                  40      0.366580595078588E-00018
                  41      0.363229450418147E-00018
                  42      0.359956864562728E-00018
                  43      0.356861314638099E-00018
                  44      0.354031282214215E-00018
                  45      0.351541976235675E-00018
                  46      0.349452639858140E-00018
                  47      0.347804534947969E-00018
                  48      0.346619706045106E-00018
                  49      0.345900697028230E-00018
                  50      0.345635870554511E-00018
