                   1      0.345635870566291E-00018
                   2      0.345697646171203E-00018
                   3      0.345852052006794E-00018
                   4      0.346089664583116E-00018
                   5      0.346403858356498E-00018
                   6      0.346786905668078E-00018
                   7      0.347230420516894E-00018
                   8      0.347725523841857E-00018
                   9      0.348262966347421E-00018
                  10      0.348833241904778E-00018
                  11      0.349426694627191E-00018
                  12      0.350033622880008E-00018
                  13      0.350644381689336E-00018
                  14      0.351249486924870E-00018
                  15      0.351839727708207E-00018
                  16      0.352406289059905E-00018
                  17      0.352940859231497E-00018
                  18      0.353435695745232E-00018
                  19      0.353883683191258E-00018
                  20      0.354278416221914E-00018
                  21      0.354614287865999E-00018
                  22      0.354886562169186E-00018
                  23      0.355091428646445E-00018
                  24      0.355226027793818E-00018
                  25      0.355288380129536E-00018
                  26      0.355289090022324E-00018
                  27      0.355228592205082E-00018
                  28      0.355095852711383E-00018
                  29      0.354892812002430E-00018
                  30      0.354622330666377E-00018
                  31      0.354288227185565E-00018
                  32      0.353895237338056E-00018
                  33      0.353448948954522E-00018
                  34      0.352955745952039E-00018
                  35      0.352422749608662E-00018
                  36      0.351857734524371E-00018
                  37      0.351269036631258E-00018
                  38      0.350665463980925E-00018
                  39      0.350056200989298E-00018
                  40      0.349450706678514E-00018
                  41      0.348858613264014E-00018
                  42      0.348289623211204E-00018
                  43      0.347753394751302E-00018
                  44      0.347259429694276E-00018
                  45      0.346816968338730E-00018
                  46      0.346434887951919E-00018
                  47      0.346121581830866E-00018
                  48      0.345884792340841E-00018
                  49      0.345731217580379E-00018
                  50      0.345670114920641E-00018
