                   1      0.345670115324382E-00018
                   2      0.345791245283020E-00018
                   3      0.346072922767697E-00018
                   4      0.346493162922114E-00018
                   5      0.347033236272998E-00018
                   6      0.347672613688778E-00018
                   7      0.348389602270490E-00018
                   8      0.349161926556035E-00018
                   9      0.349967539966288E-00018
                  10      0.350785915271543E-00018
                  11      0.351600060365548E-00018
                  12      0.352399354683205E-00018
                  13      0.353183008294200E-00018
                  14      0.353963881957504E-00018
                  15      0.354771356669108E-00018
                  16      0.355432573817849E-00018
                  17      0.354920276707596E-00018
                  18      0.354541000497137E-00018
                  19      0.354422713669647E-00018
                  20      0.354436605198467E-00018
                  21      0.354642436545843E-00018
                  22      0.355033478765290E-00018
                  23      0.355582466883433E-00018
                  24      0.356266168521465E-00018
                  25      0.357073990841989E-00018
                  26      0.358038155788173E-00018
                  27      0.359461602756586E-00018
                  28      0.364248086833121E-00018
                  29      0.384727769954709E-00018
                  30      0.446510985223613E-00018
                  31      0.585624035393759E-00018
                  32      0.840510366268079E-00018
                  33      0.124062888572683E-00017
                  34      0.179695122820966E-00017
                  35      0.250182850990354E-00017
                  36      0.333838780256357E-00017
                  37      0.429060139311440E-00017
                  38      0.534742863178208E-00017
                  39      0.650191013417112E-00017
                  40      0.774878904205540E-00017
                  41      0.908281658648662E-00017
                  42      0.104981395959922E-00016
                  43      0.119883728904606E-00016
                  44      0.135468635831691E-00016
                  45      0.151668032191333E-00016
                  46      0.168410040143834E-00016
                  47      0.185612790114268E-00016
                  48      0.203176463958416E-00016
                  49      0.220977578501207E-00016
                  50      0.235054301225400E-00016
