                   1      0.345671940674029E-00018
                   2      0.345729235072087E-00018
                   3      0.345878494100510E-00018
                   4      0.346111971497895E-00018
                   5      0.346422771104815E-00018
                   6      0.346803137427114E-00018
                   7      0.347244711145746E-00018
                   8      0.347738633166167E-00018
                   9      0.348275643453297E-00018
                  10      0.348846210180193E-00018
                  11      0.349440665522391E-00018
                  12      0.350049312552952E-00018
                  13      0.350662495118898E-00018
                  14      0.351270715411356E-00018
                  15      0.351864730591405E-00018
                  16      0.352435646869723E-00018
                  17      0.352975084317257E-00018
                  18      0.353475280318106E-00018
                  19      0.353929088558092E-00018
                  20      0.354330030047290E-00018
                  21      0.354672414563201E-00018
                  22      0.354951418294953E-00018
                  23      0.355163128583215E-00018
                  24      0.355304575774934E-00018
                  25      0.355373749265127E-00018
                  26      0.355375589281990E-00018
                  27      0.355310475563398E-00018
                  28      0.355172992588207E-00018
                  29      0.354965260965030E-00018
                  30      0.354690200093799E-00018
                  31      0.354351711656578E-00018
                  32      0.353954634626692E-00018
                  33      0.353504613601194E-00018
                  34      0.353008067828902E-00018
                  35      0.352472175881704E-00018
                  36      0.351904768421511E-00018
                  37      0.351314215287218E-00018
                  38      0.350709365826144E-00018
                  39      0.350099474807401E-00018
                  40      0.349494029325998E-00018
                  41      0.348902630079609E-00018
                  42      0.348334947676309E-00018
                  43      0.347800652228739E-00018
                  44      0.347309270083725E-00018
                  45      0.346870053181078E-00018
                  46      0.346491871261111E-00018
                  47      0.346183101293380E-00018
                  48      0.345951486376208E-00018
                  49      0.345803903507269E-00018
                  50      0.345748223287871E-00018
