                   1      0.345635870520576E-00018
                   2      0.346107346265318E-00018
                   3      0.347365099705466E-00018
                   4      0.349128326869254E-00018
                   5      0.351081396074969E-00018
                   6      0.352909432166500E-00018
                   7      0.354335518362146E-00018
                   8      0.355150732867866E-00018
                   9      0.355237586143894E-00018
                  10      0.354584033657436E-00018
                  11      0.353284518502203E-00018
                  12      0.351529258722842E-00018
                  13      0.349582930319729E-00018
                  14      0.347759214979422E-00018
                  15      0.346432830519447E-00018
                  16      0.346130998686571E-00018
                  17      0.347575185690775E-00018
                  18      0.350050582751897E-00018
                  19      0.353333845747271E-00018
                  20      0.357168828720209E-00018
                  21      0.361248184888010E-00018
                  22      0.365241211066227E-00018
                  23      0.368824681719736E-00018
                  24      0.371713007870288E-00018
                  25      0.373683695919843E-00018
                  26      0.374560381769676E-00018
                  27      0.372900761840915E-00018
                  28      0.368135800969419E-00018
                  29      0.362952660170644E-00018
                  30      0.357938617532541E-00018
                  31      0.353492692781788E-00018
                  32      0.349909250935925E-00018
                  33      0.347381139396994E-00018
                  34      0.345988722680373E-00018
                  35      0.345696892873716E-00018
                  36      0.346363408120367E-00018
                  37      0.347757183213819E-00018
                  38      0.349586778374893E-00018
                  39      0.351533859002414E-00018
                  40      0.353289453465975E-00018
                  41      0.354588957023614E-00018
                  42      0.355242184739307E-00018
                  43      0.355154966814213E-00018
                  44      0.354339485734821E-00018
                  45      0.352913527876415E-00018
                  46      0.351086997103345E-00018
                  47      0.349136269594657E-00018
                  48      0.347372738999650E-00018
                  49      0.346110928441192E-00018
                  50      0.345635870593171E-00018
