                   1      0.345671940603181E-00018
                   2      0.345725880030701E-00018
                   3      0.345872194836701E-00018
                   4      0.346102655601193E-00018
                   5      0.346410315476385E-00018
                   6      0.346787408685035E-00018
                   7      0.347225572391069E-00018
                   8      0.347715962013531E-00018
                   9      0.348249354467950E-00018
                  10      0.348816257317355E-00018
                  11      0.349407017980267E-00018
                  12      0.350011928385013E-00018
                  13      0.350621336100496E-00018
                  14      0.351225760588319E-00018
                  15      0.351815998088407E-00018
                  16      0.352383216064484E-00018
                  17      0.352919049189116E-00018
                  18      0.353415693290266E-00018
                  19      0.353865984129375E-00018
                  20      0.354263461981761E-00018
                  21      0.354602441632255E-00018
                  22      0.354878096756143E-00018
                  23      0.355086540336207E-00018
                  24      0.355224870160254E-00018
                  25      0.355291136008298E-00018
                  26      0.355290355953330E-00018
                  27      0.355222160653092E-00018
                  28      0.355081872253398E-00018
                  29      0.354871475470836E-00018
                  30      0.354593906844717E-00018
                  31      0.354253067995617E-00018
                  32      0.353853773386696E-00018
                  33      0.353401685248176E-00018
                  34      0.352903251790386E-00018
                  35      0.352365642354322E-00018
                  36      0.351796673438696E-00018
                  37      0.351204727425783E-00018
                  38      0.350598657405483E-00018
                  39      0.349987682816153E-00018
                  40      0.349381288618651E-00018
                  41      0.348789123170318E-00018
                  42      0.348220892560381E-00018
                  43      0.347686251870080E-00018
                  44      0.347194694724661E-00018
                  45      0.346755447053836E-00018
                  46      0.346377360570849E-00018
                  47      0.346068801743569E-00018
                  48      0.345837536662363E-00018
                  49      0.345690516272214E-00018
                  50      0.345635870543515E-00018
