                   1      0.345670115278807E-00018
                   2      0.346098883341935E-00018
                   3      0.347240669981917E-00018
                   4      0.348860065435129E-00018
                   5      0.350692368733500E-00018
                   6      0.352469417979225E-00018
                   7      0.353946835746041E-00018
                   8      0.354928757093504E-00018
                   9      0.355287749550876E-00018
                  10      0.354999416765313E-00018
                  11      0.354151699242108E-00018
                  12      0.353476520200993E-00018
                  13      0.355527730011045E-00018
                  14      0.358670793065532E-00018
                  15      0.362627982243236E-00018
                  16      0.367074552737621E-00018
                  17      0.371640469232209E-00018
                  18      0.375942543856387E-00018
                  19      0.379617789093787E-00018
                  20      0.382354702297766E-00018
                  21      0.383909310231403E-00018
                  22      0.383996466154309E-00018
                  23      0.382563631919592E-00018
                  24      0.379892429599703E-00018
                  25      0.376200783430483E-00018
                  26      0.371763389926901E-00018
                  27      0.366902837258112E-00018
                  28      0.361962379070485E-00018
                  29      0.357276575730757E-00018
                  30      0.353143429396738E-00018
                  31      0.349800181739057E-00018
                  32      0.347404981113670E-00018
                  33      0.346025965665603E-00018
                  34      0.345641596362550E-00018
                  35      0.346159597776165E-00018
                  36      0.347367916085895E-00018
                  37      0.349027226658145E-00018
                  38      0.350871152428310E-00018
                  39      0.352632957429083E-00018
                  40      0.354071900318221E-00018
                  41      0.354998028028330E-00018
                  42      0.355292857073922E-00018
                  43      0.354936204018838E-00018
                  44      0.353956172915839E-00018
                  45      0.352481628854196E-00018
                  46      0.350708079259928E-00018
                  47      0.348876400558937E-00018
                  48      0.347252745358980E-00018
                  49      0.346103549967892E-00018
                  50      0.345670114951904E-00018
