                   1      0.345671940616952E-00018
                   2      0.345880916466517E-00018
                   3      0.346388401004570E-00018
                   4      0.347142140355140E-00018
                   5      0.348085878660166E-00018
                   6      0.349158072784107E-00018
                   7      0.350294659088180E-00018
                   8      0.351431678708590E-00018
                   9      0.352507790626075E-00018
                  10      0.353465783582831E-00018
                  11      0.354114085801372E-00018
                  12      0.354124195640849E-00018
                  13      0.354563383215273E-00018
                  14      0.355382036840332E-00018
                  15      0.356532485501126E-00018
                  16      0.357958644118435E-00018
                  17      0.359599232936948E-00018
                  18      0.361403564822530E-00018
                  19      0.363376934805377E-00018
                  20      0.365629125192678E-00018
                  21      0.368254507623806E-00018
                  22      0.371117140765503E-00018
                  23      0.373954062486607E-00018
                  24      0.376588170118855E-00018
                  25      0.378926606941851E-00018
                  26      0.380901878449255E-00018
                  27      0.382457288588570E-00018
                  28      0.383547917950420E-00018
                  29      0.384142107711313E-00018
                  30      0.384251803276193E-00018
                  31      0.383955370643055E-00018
                  32      0.383150625490157E-00018
                  33      0.381861297297145E-00018
                  34      0.380124892036364E-00018
                  35      0.377991576011700E-00018
                  36      0.375522473152413E-00018
                  37      0.372787591155643E-00018
                  38      0.369863455768704E-00018
                  39      0.366830537769855E-00018
                  40      0.363770571876141E-00018
                  41      0.360763904769951E-00018
                  42      0.357886936356543E-00018
                  43      0.355209644787532E-00018
                  44      0.352793380890977E-00018
                  45      0.350689059716092E-00018
                  46      0.348935682336227E-00018
                  47      0.347559220528795E-00018
                  48      0.346571949252863E-00018
                  49      0.345972106660309E-00018
                  50      0.345748223156241E-00018
