                   1      0.160585336529043E-00016
                   2      0.153854591042966E-00016
                   3      0.147060675242480E-00016
                   4      0.140230000017470E-00016
                   5      0.133384930316020E-00016
                   6      0.126549180880416E-00016
                   7      0.119747567091586E-00016
                   8      0.113001100270591E-00016
                   9      0.106334881758489E-00016
                  10      0.997677291816623E-00017
                  11      0.933213825418291E-00017
                  12      0.870159659664344E-00017
                  13      0.808675237835937E-00017
                  14      0.748984239317906E-00017
                  15      0.691207003444482E-00017
                  16      0.635512011028638E-00017
                  17      0.582068994572462E-00017
                  18      0.530964136945344E-00017
                  19      0.482343397056211E-00017
                  20      0.436319925601935E-00017
                  21      0.392933876818078E-00017
                  22      0.352260219057488E-00017
                  23      0.314404705252349E-00017
                  24      0.279320577889842E-00017
                  25      0.247010764298570E-00017
                  26      0.217457422571804E-00017
                  27      0.190643505691702E-00017
                  28      0.166514241554232E-00017
                  29      0.144944552104595E-00017
                  30      0.125832617278468E-00017
                  31      0.109070385232256E-00017
                  32      0.945232208580825E-00018
                  33      0.820341294803029E-00018
                  34      0.714524867860356E-00018
                  35      0.626077342969254E-00018
                  36      0.554181962449086E-00018
                  37      0.496266014832774E-00018
                  38      0.450636287558997E-00018
                  39      0.415414316108764E-00018
                  40      0.390530759369797E-00018
                  41      0.372438686424653E-00018
                  42      0.360412875323943E-00018
                  43      0.352967601442850E-00018
                  44      0.348826416629557E-00018
                  45      0.346555492099683E-00018
                  46      0.346221230313888E-00018
                  47      0.345963921047567E-00018
                  48      0.345781013775556E-00018
                  49      0.345671890017415E-00018
                  50      0.345635870699161E-00018
