                   1      0.345748223218685E-00018
                   2      0.346138022975484E-00018
                   3      0.347186707537960E-00018
                   4      0.348691278255851E-00018
                   5      0.350422663823121E-00018
                   6      0.352145823541314E-00018
                   7      0.353641968782906E-00018
                   8      0.354740114380606E-00018
                   9      0.355444587629499E-00018
                  10      0.356529345200572E-00018
                  11      0.358722682221605E-00018
                  12      0.361635898930312E-00018
                  13      0.365057793114177E-00018
                  14      0.368715112662640E-00018
                  15      0.372341846389177E-00018
                  16      0.375778156076790E-00018
                  17      0.378981910311728E-00018
                  18      0.381732938378006E-00018
                  19      0.383572323154050E-00018
                  20      0.384233031626823E-00018
                  21      0.383694467630578E-00018
                  22      0.381965481910087E-00018
                  23      0.379163643481960E-00018
                  24      0.375480663462814E-00018
                  25      0.371165111554634E-00018
                  26      0.366502413760171E-00018
                  27      0.361792227982165E-00018
                  28      0.357325145375102E-00018
                  29      0.353360548034496E-00018
                  30      0.350107355056760E-00018
                  31      0.347709229083107E-00018
                  32      0.346235336040036E-00018
                  33      0.345678372114588E-00018
                  34      0.345973880184877E-00018
                  35      0.346957111330120E-00018
                  36      0.348427611163972E-00018
                  37      0.350158626187402E-00018
                  38      0.351914252512639E-00018
                  39      0.353471475576936E-00018
                  40      0.354640661964452E-00018
                  41      0.355282974580658E-00018
                  42      0.355330753528624E-00018
                  43      0.354781841917324E-00018
                  44      0.353691607598325E-00018
                  45      0.352190714066397E-00018
                  46      0.350462145353379E-00018
                  47      0.348723747732175E-00018
                  48      0.347209180809858E-00018
                  49      0.346148371210420E-00018
                  50      0.345748223352706E-00018
