                   1      0.345671940652254E-00018
                   2      0.345731279809619E-00018
                   3      0.345883469617086E-00018
                   4      0.346118935795485E-00018
                   5      0.346430998582311E-00018
                   6      0.346811929809669E-00018
                   7      0.347253355357502E-00018
                   8      0.347746411458813E-00018
                   9      0.348281856299328E-00018
                  10      0.348850181426654E-00018
                  11      0.349441722618855E-00018
                  12      0.350046769826373E-00018
                  13      0.350655684627223E-00018
                  14      0.351259012124548E-00018
                  15      0.351847576552877E-00018
                  16      0.352412573622140E-00018
                  17      0.352945664911211E-00018
                  18      0.353439072193038E-00018
                  19      0.353885672375865E-00018
                  20      0.354279082778856E-00018
                  21      0.354613722670241E-00018
                  22      0.354884861567700E-00018
                  23      0.355088674124868E-00018
                  24      0.355222285673077E-00018
                  25      0.355283737901079E-00018
                  26      0.355283679398137E-00018
                  27      0.355222167867055E-00018
                  28      0.355088489624988E-00018
                  29      0.354884628383879E-00018
                  30      0.354613457155619E-00018
                  31      0.354278780320805E-00018
                  32      0.353885313319633E-00018
                  33      0.353438643135116E-00018
                  34      0.352945164083024E-00018
                  35      0.352411999818911E-00018
                  36      0.351846922574396E-00018
                  37      0.351258269390574E-00018
                  38      0.350654850606914E-00018
                  39      0.350045851337495E-00018
                  40      0.349440731209805E-00018
                  41      0.348849125417870E-00018
                  42      0.348280741008879E-00018
                  43      0.347745243067495E-00018
                  44      0.347252135148458E-00018
                  45      0.346810644985663E-00018
                  46      0.346429623092409E-00018
                  47      0.346117439681960E-00018
                  48      0.345881830653703E-00018
                  49      0.345729488056650E-00018
                  50      0.345670115255520E-00018
