                   1      0.345670115225562E-00018
                   2      0.345885836534183E-00018
                   3      0.346419233745532E-00018
                   4      0.347211058336166E-00018
                   5      0.348198452774777E-00018
                   6      0.349313718485229E-00018
                   7      0.350487065401800E-00018
                   8      0.351649323476123E-00018
                   9      0.352734729436131E-00018
                  10      0.353683657099592E-00018
                  11      0.354445204450566E-00018
                  12      0.354979820634393E-00018
                  13      0.355263104092999E-00018
                  14      0.355322079062996E-00018
                  15      0.355503121265799E-00018
                  16      0.356138531111036E-00018
                  17      0.357376604036859E-00018
                  18      0.359177830951630E-00018
                  19      0.361399984436501E-00018
                  20      0.363910813535605E-00018
                  21      0.366606612877183E-00018
                  22      0.369390939554872E-00018
                  23      0.372166007491580E-00018
                  24      0.374835775606662E-00018
                  25      0.377311510225590E-00018
                  26      0.379515574648160E-00018
                  27      0.381379466137606E-00018
                  28      0.382836094731615E-00018
                  29      0.383816492439082E-00018
                  30      0.384260617132495E-00018
                  31      0.384217348328608E-00018
                  32      0.383670990632577E-00018
                  33      0.382586958240357E-00018
                  34      0.381006413934921E-00018
                  35      0.378979640111747E-00018
                  36      0.376568459109819E-00018
                  37      0.373845383031128E-00018
                  38      0.370891261503177E-00018
                  39      0.367792435018010E-00018
                  40      0.364637705698157E-00018
                  41      0.361515257779150E-00018
                  42      0.358509635810990E-00018
                  43      0.355698883502024E-00018
                  44      0.353151945794512E-00018
                  45      0.350926432058710E-00018
                  46      0.349066833265982E-00018
                  47      0.347603303089714E-00018
                  48      0.346551129625683E-00018
                  49      0.345910771160893E-00018
                  50      0.345671940732460E-00018
