                   1      0.345748223198125E-00018
                   2      0.345959207375674E-00018
                   3      0.346423979842597E-00018
                   4      0.347149859541442E-00018
                   5      0.348141042440562E-00018
                   6      0.349394450106387E-00018
                   7      0.350900421027619E-00018
                   8      0.352642934860324E-00018
                   9      0.354599929253685E-00018
                  10      0.356743745251699E-00018
                  11      0.359041687036345E-00018
                  12      0.361456696491462E-00018
                  13      0.363948137168507E-00018
                  14      0.366472662398735E-00018
                  15      0.368985138062561E-00018
                  16      0.371439609918034E-00018
                  17      0.373790321956905E-00018
                  18      0.375992775428789E-00018
                  19      0.378004780310172E-00018
                  20      0.379787433477639E-00018
                  21      0.381305990023986E-00018
                  22      0.382530640442047E-00018
                  23      0.383437173909378E-00018
                  24      0.384007373684648E-00018
                  25      0.384229118747785E-00018
                  26      0.384228008721853E-00018
                  27      0.383999703921154E-00018
                  28      0.383423427970989E-00018
                  29      0.382510685955863E-00018
                  30      0.381279756035015E-00018
                  31      0.379755016684080E-00018
                  32      0.377966411042796E-00018
                  33      0.375948777834047E-00018
                  34      0.373741074137456E-00018
                  35      0.371385488259982E-00018
                  36      0.368926478068161E-00018
                  37      0.366409769318831E-00018
                  38      0.363881328853587E-00018
                  39      0.361386337296674E-00018
                  40      0.358968190722909E-00018
                  41      0.356667554579146E-00018
                  42      0.354521495098213E-00018
                  43      0.352562706575580E-00018
                  44      0.350818839502805E-00018
                  45      0.349311934325402E-00018
                  46      0.348057981779019E-00018
                  47      0.347066640126410E-00018
                  48      0.346341087499315E-00018
                  49      0.345877513902803E-00018
                  50      0.345670115277586E-00018
