                   1      0.752690142807801E-00018
                   2      0.753673929408706E-00018
                   3      0.755492855251133E-00018
                   4      0.757954760472209E-00018
                   5      0.760829433604767E-00018
                   6      0.763886930222800E-00018
                   7      0.766897687672396E-00018
                   8      0.769646318612500E-00018
                   9      0.771941241173356E-00018
                  10      0.773624874995556E-00018
                  11      0.774577484037848E-00018
                  12      0.774804096706436E-00018
                  13      0.774738398775924E-00018
                  14      0.774084465251540E-00018
                  15      0.772666847616215E-00018
                  16      0.770584157078430E-00018
                  17      0.767976813663626E-00018
                  18      0.765023195506969E-00018
                  19      0.761931210744153E-00018
                  20      0.758930925973856E-00018
                  21      0.756265055242262E-00018
                  22      0.754747012104272E-00018
                  23      0.755244653108465E-00018
                  24      0.757386850847561E-00018
                  25      0.760880436605384E-00018
                  26      0.765429013931049E-00018
                  27      0.770713096243531E-00018
                  28      0.776504009940590E-00018
                  29      0.782582037352392E-00018
                  30      0.788719569227457E-00018
                  31      0.794688603824942E-00018
                  32      0.800271587596480E-00018
                  33      0.805272032566161E-00018
                  34      0.809524795056517E-00018
                  35      0.812905345317735E-00018
                  36      0.815335381162266E-00018
                  37      0.816745104410104E-00018
                  38      0.816827485040433E-00018
                  39      0.813402345021677E-00018
                  40      0.807389685788354E-00018
                  41      0.800054933579708E-00018
                  42      0.792134653334400E-00018
                  43      0.784242085176552E-00018
                  44      0.776789673541875E-00018
                  45      0.770062503873855E-00018
                  46      0.764267867283872E-00018
                  47      0.759553919416422E-00018
                  48      0.756010647145335E-00018
                  49      0.753686335904036E-00018
                  50      0.752559149489223E-00018
