                   1      0.752391800529977E-00018
                   2      0.752552234624725E-00018
                   3      0.752928705120897E-00018
                   4      0.753494108379438E-00018
                   5      0.754234551667712E-00018
                   6      0.755132620252561E-00018
                   7      0.756169165484115E-00018
                   8      0.757323770646096E-00018
                   9      0.758575088000359E-00018
                  10      0.759901152124643E-00018
                  11      0.761279637430099E-00018
                  12      0.762688105107604E-00018
                  13      0.764104250942595E-00018
                  14      0.765506147971098E-00018
                  15      0.766872494065048E-00018
                  16      0.768182871385791E-00018
                  17      0.769418021432254E-00018
                  18      0.770560055133879E-00018
                  19      0.771592551772544E-00018
                  20      0.772500704836763E-00018
                  21      0.773271555436852E-00018
                  22      0.773894180075562E-00018
                  23      0.774359821332624E-00018
                  24      0.774661967108274E-00018
                  25      0.774796278421402E-00018
                  26      0.774800240707944E-00018
                  27      0.774681601657302E-00018
                  28      0.774394945934444E-00018
                  29      0.773944726612696E-00018
                  30      0.773337475684017E-00018
                  31      0.772581915355994E-00018
                  32      0.771688898945657E-00018
                  33      0.770671281708124E-00018
                  34      0.769543768554336E-00018
                  35      0.768322768714983E-00018
                  36      0.767026234564123E-00018
                  37      0.765673449041670E-00018
                  38      0.764284788670032E-00018
                  39      0.762881492200637E-00018
                  40      0.761485419642717E-00018
                  41      0.760118807862234E-00018
                  42      0.758804037424362E-00018
                  43      0.757563398424341E-00018
                  44      0.756418838965232E-00018
                  45      0.755391685487036E-00018
                  46      0.754502341281497E-00018
                  47      0.753769981641306E-00018
                  48      0.753212105117921E-00018
                  49      0.752842916038401E-00018
                  50      0.752690143134671E-00018
