                   1      0.752716711805868E-00018
                   2      0.752839593957651E-00018
                   3      0.753175911811903E-00018
                   4      0.753708023197792E-00018
                   5      0.754419447965614E-00018
                   6      0.755292171700225E-00018
                   7      0.756306974532778E-00018
                   8      0.757443560432767E-00018
                   9      0.758680696196955E-00018
                  10      0.759996460438315E-00018
                  11      0.761368558543238E-00018
                  12      0.762774595542378E-00018
                  13      0.764192274978953E-00018
                  14      0.765599603490572E-00018
                  15      0.766975142086887E-00018
                  16      0.768298267128930E-00018
                  17      0.769549412936835E-00018
                  18      0.770710289263532E-00018
                  19      0.771764076868012E-00018
                  20      0.772695613672487E-00018
                  21      0.773491582185627E-00018
                  22      0.774140686968607E-00018
                  23      0.774633788059164E-00018
                  24      0.774963968754177E-00018
                  25      0.775126514193947E-00018
                  26      0.775125811821615E-00018
                  27      0.774961744096338E-00018
                  28      0.774629970726268E-00018
                  29      0.774135227648180E-00018
                  30      0.773484487555499E-00018
                  31      0.772686939313341E-00018
                  32      0.771753892288346E-00018
                  33      0.770698650029129E-00018
                  34      0.769536360482610E-00018
                  35      0.768283843770250E-00018
                  36      0.766959400329659E-00018
                  37      0.765582599371813E-00018
                  38      0.764174049223042E-00018
                  39      0.762755160959982E-00018
                  40      0.761347921723663E-00018
                  41      0.759974675948465E-00018
                  42      0.758657892456580E-00018
                  43      0.757419907011973E-00018
                  44      0.756282641247879E-00018
                  45      0.755267308307256E-00018
                  46      0.754394170626526E-00018
                  47      0.753682409235143E-00018
                  48      0.753150023138893E-00018
                  49      0.752813521496910E-00018
                  50      0.752690142689926E-00018
