                   1      0.752716711519207E-00018
                   2      0.755424578927697E-00018
                   3      0.758123415514267E-00018
                   4      0.761206875405596E-00018
                   5      0.764441534105703E-00018
                   6      0.767578205884787E-00018
                   7      0.770376979123790E-00018
                   8      0.772626465360654E-00018
                   9      0.774159275912018E-00018
                  10      0.774868907766379E-00018
                  11      0.774932387034863E-00018
                  12      0.774932402657252E-00018
                  13      0.774927498371255E-00018
                  14      0.774506773021014E-00018
                  15      0.773252564528207E-00018
                  16      0.771231490718965E-00018
                  17      0.768590208031218E-00018
                  18      0.765525726292633E-00018
                  19      0.762271174450219E-00018
                  20      0.759081439512507E-00018
                  21      0.756228016700614E-00018
                  22      0.753618542052623E-00018
                  23      0.754234480802077E-00018
                  24      0.757516502502805E-00018
                  25      0.760557965382364E-00018
                  26      0.761932353807705E-00018
                  27      0.763051297609409E-00018
                  28      0.764343123892366E-00018
                  29      0.765959697511727E-00018
                  30      0.767895412764964E-00018
                  31      0.770047398356141E-00018
                  32      0.772310591572083E-00018
                  33      0.774584750926806E-00018
                  34      0.776778323940089E-00018
                  35      0.778811884530603E-00018
                  36      0.780620249759339E-00018
                  37      0.782153183818049E-00018
                  38      0.783375131508485E-00018
                  39      0.784264614679389E-00018
                  40      0.784813760035031E-00018
                  41      0.785028125992828E-00018
                  42      0.784932647439783E-00018
                  43      0.783670972834885E-00018
                  44      0.782810829262854E-00018
                  45      0.777408331590118E-00018
                  46      0.770877589719317E-00018
                  47      0.764802492916908E-00018
                  48      0.759746143201313E-00018
                  49      0.755892967493004E-00018
                  50      0.752559149463258E-00018
