                   1      0.752690142931427E-00018
                   2      0.752841995018675E-00018
                   3      0.753211367849970E-00018
                   4      0.753769461759556E-00018
                   5      0.754501934265890E-00018
                   6      0.755391354616685E-00018
                   7      0.756418612933262E-00018
                   8      0.757563340275947E-00018
                   9      0.758804200273561E-00018
                  10      0.760119192222846E-00018
                  11      0.761485962975472E-00018
                  12      0.762882099344602E-00018
                  13      0.764285373983294E-00018
                  14      0.765673959771098E-00018
                  15      0.767026650762049E-00018
                  16      0.768323098452307E-00018
                  17      0.769544044674887E-00018
                  18      0.770671540731762E-00018
                  19      0.771689154943993E-00018
                  20      0.772582162618544E-00018
                  21      0.773337706633198E-00018
                  22      0.773944932964727E-00018
                  23      0.774395117229113E-00018
                  24      0.774681752176551E-00018
                  25      0.774800480919336E-00018
                  26      0.774796404392239E-00018
                  27      0.774661987421175E-00018
                  28      0.774359735637580E-00018
                  29      0.773894054869972E-00018
                  30      0.773271484970812E-00018
                  31      0.772500771858446E-00018
                  32      0.771592774028571E-00018
                  33      0.770560347367157E-00018
                  34      0.769418237096429E-00018
                  35      0.768182934719180E-00018
                  36      0.766872462155524E-00018
                  37      0.765506121568357E-00018
                  38      0.764104278328219E-00018
                  39      0.762688177108298E-00018
                  40      0.761279727334957E-00018
                  41      0.759901228613154E-00018
                  42      0.758575093008492E-00018
                  43      0.757323618104003E-00018
                  44      0.756168766563656E-00018
                  45      0.755131886423739E-00018
                  46      0.754233396813085E-00018
                  47      0.753492490207218E-00018
                  48      0.752926694174273E-00018
                  49      0.752550418990399E-00018
                  50      0.752391800785447E-00018
