                   1      0.752690142818495E-00018
                   2      0.753712430450042E-00018
                   3      0.756354224206521E-00018
                   4      0.760085913855930E-00018
                   5      0.764312822241838E-00018
                   6      0.768429615800693E-00018
                   7      0.771880526649845E-00018
                   8      0.774215341247789E-00018
                   9      0.775135341699876E-00018
                  10      0.774628069213355E-00018
                  11      0.773219807158032E-00018
                  12      0.773453303865744E-00018
                  13      0.779005493307630E-00018
                  14      0.787128112207610E-00018
                  15      0.796717069567850E-00018
                  16      0.807010009549463E-00018
                  17      0.817177998424730E-00018
                  18      0.826403720443708E-00018
                  19      0.833963386502108E-00018
                  20      0.839251299506013E-00018
                  21      0.841698062620452E-00018
                  22      0.840777769702043E-00018
                  23      0.836771318478825E-00018
                  24      0.830030453780370E-00018
                  25      0.821093279059567E-00018
                  26      0.810620095920239E-00018
                  27      0.799358766518722E-00018
                  28      0.788085722006874E-00018
                  29      0.777541668111059E-00018
                  30      0.768371792005290E-00018
                  31      0.761075957551310E-00018
                  32      0.755972558382946E-00018
                  33      0.753178405067358E-00018
                  34      0.752638316155307E-00018
                  35      0.754112925932507E-00018
                  36      0.757082040444498E-00018
                  37      0.760997672552684E-00018
                  38      0.765256604776359E-00018
                  39      0.769260120720728E-00018
                  40      0.772473810878078E-00018
                  41      0.774481397117064E-00018
                  42      0.775037010839608E-00018
                  43      0.774130329267653E-00018
                  44      0.771811061114822E-00018
                  45      0.768378561595056E-00018
                  46      0.764282345624293E-00018
                  47      0.760072595706998E-00018
                  48      0.756348233593893E-00018
                  49      0.753705816821536E-00018
                  50      0.752690142686249E-00018
