                   1      0.752690142706563E-00018
                   2      0.752825873518546E-00018
                   3      0.753176519641683E-00018
                   4      0.753720550498676E-00018
                   5      0.754442114126057E-00018
                   6      0.755323377420561E-00018
                   7      0.756345147145509E-00018
                   8      0.757487088837783E-00018
                   9      0.758727932567350E-00018
                  10      0.760045740928896E-00018
                  11      0.761418194907123E-00018
                  12      0.762822857625106E-00018
                  13      0.764237420279760E-00018
                  14      0.765639945548114E-00018
                  15      0.767009095896985E-00018
                  16      0.768324346996756E-00018
                  17      0.769566208010665E-00018
                  18      0.770716461081100E-00018
                  19      0.771758392978116E-00018
                  20      0.772677002508035E-00018
                  21      0.773459165798786E-00018
                  22      0.774093755597570E-00018
                  23      0.774571746711022E-00018
                  24      0.774886313700542E-00018
                  25      0.775032767749460E-00018
                  26      0.775029943757386E-00018
                  27      0.774875928802359E-00018
                  28      0.774553875541948E-00018
                  29      0.774068481490876E-00018
                  30      0.773426565552720E-00018
                  31      0.772637169270255E-00018
                  32      0.771711468654198E-00018
                  33      0.770662635023175E-00018
                  34      0.769505684407844E-00018
                  35      0.768257309860382E-00018
                  36      0.766935697465749E-00018
                  37      0.765560332067931E-00018
                  38      0.764151782741623E-00018
                  39      0.762731466450685E-00018
                  40      0.761321397381983E-00018
                  41      0.759943928213050E-00018
                  42      0.758621498347858E-00018
                  43      0.757376401420336E-00018
                  44      0.756230551072193E-00018
                  45      0.755205210462141E-00018
                  46      0.754320715993800E-00018
                  47      0.753596270763217E-00018
                  48      0.753049733686939E-00018
                  49      0.752696995398148E-00018
                  50      0.752559149372343E-00018
