                   1      0.752716711916205E-00018
                   2      0.753122571385578E-00018
                   3      0.754249934582009E-00018
                   4      0.755975556493223E-00018
                   5      0.758163893950549E-00018
                   6      0.760666873989435E-00018
                   7      0.763330068067749E-00018
                   8      0.765998603517346E-00018
                   9      0.768523512037809E-00018
                  10      0.770767851691394E-00018
                  11      0.772612406172826E-00018
                  12      0.773961260450491E-00018
                  13      0.774750188998968E-00018
                  14      0.775008516409933E-00018
                  15      0.775473140379406E-00018
                  16      0.776826437868140E-00018
                  17      0.779360611891309E-00018
                  18      0.783076164143613E-00018
                  19      0.787869895611825E-00018
                  20      0.793489904536335E-00018
                  21      0.799655320737868E-00018
                  22      0.806105479429042E-00018
                  23      0.812600172979893E-00018
                  24      0.818908017449449E-00018
                  25      0.824806409659999E-00018
                  26      0.830087324808887E-00018
                  27      0.834563561692497E-00018
                  28      0.838072775721719E-00018
                  29      0.840478232835244E-00018
                  30      0.841668000280210E-00018
                  31      0.841361037265496E-00018
                  32      0.839711440817554E-00018
                  33      0.836850911114898E-00018
                  34      0.832887669417435E-00018
                  35      0.827952152446023E-00018
                  36      0.822196526467842E-00018
                  37      0.815792178733873E-00018
                  38      0.808925518929585E-00018
                  39      0.801792254311097E-00018
                  40      0.794590937608824E-00018
                  41      0.787516371038834E-00018
                  42      0.780753226791000E-00018
                  43      0.774470120381342E-00018
                  44      0.768814300415212E-00018
                  45      0.763907083211127E-00018
                  46      0.759840220285818E-00018
                  47      0.756673518668838E-00018
                  48      0.754434270067839E-00018
                  49      0.753116920736769E-00018
                  50      0.752690143493213E-00018
