                   1      0.752559149783816E-00018
                   2      0.752680159823460E-00018
                   3      0.753015703144672E-00018
                   4      0.753545705666119E-00018
                   5      0.754254005132367E-00018
                   6      0.755122743567455E-00018
                   7      0.756132814483578E-00018
                   8      0.757264016243194E-00018
                   9      0.758495211609078E-00018
                  10      0.759804565805125E-00018
                  11      0.761169809835692E-00018
                  12      0.762568439790938E-00018
                  13      0.763977875758749E-00018
                  14      0.765375820284021E-00018
                  15      0.766740855564709E-00018
                  16      0.768052787021908E-00018
                  17      0.769292505540792E-00018
                  18      0.770441902533977E-00018
                  19      0.771484165525911E-00018
                  20      0.772404155554889E-00018
                  21      0.773188630353556E-00018
                  22      0.773826370701843E-00018
                  23      0.774308287477442E-00018
                  24      0.774627510276532E-00018
                  25      0.774779369923695E-00018
                  26      0.774775550543299E-00018
                  27      0.774614860108349E-00018
                  28      0.774286784061654E-00018
                  29      0.773796060592602E-00018
                  30      0.773149592764329E-00018
                  31      0.772356493261970E-00018
                  32      0.771427979577673E-00018
                  33      0.770377251816895E-00018
                  34      0.769219364167720E-00018
                  35      0.767971064038903E-00018
                  36      0.766650588983618E-00018
                  37      0.765277444971591E-00018
                  38      0.763872184545469E-00018
                  39      0.762456185207420E-00018
                  40      0.761051423369281E-00018
                  41      0.759680235694846E-00018
                  42      0.758365063813646E-00018
                  43      0.757128192172015E-00018
                  44      0.755991489220582E-00018
                  45      0.754976150491663E-00018
                  46      0.754102456417544E-00018
                  47      0.753389583518264E-00018
                  48      0.752855420757445E-00018
                  49      0.752516099817430E-00018
                  50      0.752391800276976E-00018
