                   1      0.752559149687260E-00018
                   2      0.757833767546143E-00018
                   3      0.760998560271545E-00018
                   4      0.764219925734640E-00018
                   5      0.767284587544323E-00018
                   6      0.770007746289212E-00018
                   7      0.772218689208629E-00018
                   8      0.773783531630835E-00018
                   9      0.774619840838931E-00018
                  10      0.774793703445580E-00018
                  11      0.774793965674119E-00018
                  12      0.774793965925768E-00018
                  13      0.774793965402236E-00018
                  14      0.774793957860022E-00018
                  15      0.774753342633707E-00018
                  16      0.774230393194960E-00018
                  17      0.772977544861395E-00018
                  18      0.771033343040367E-00018
                  19      0.768493291331617E-00018
                  20      0.765415338119197E-00018
                  21      0.761796844242354E-00018
                  22      0.756904270803444E-00018
                  23      0.754623509703448E-00018
                  24      0.758940330540953E-00018
                  25      0.762815958148696E-00018
                  26      0.767264377159317E-00018
                  27      0.772308636897078E-00018
                  28      0.777639468817381E-00018
                  29      0.783022613259483E-00018
                  30      0.788254451594724E-00018
                  31      0.793153374665011E-00018
                  32      0.797569098545141E-00018
                  33      0.801391133398896E-00018
                  34      0.804553811557150E-00018
                  35      0.807036100274113E-00018
                  36      0.808854539780342E-00018
                  37      0.810049574827550E-00018
                  38      0.810570572518203E-00018
                  39      0.810182176871069E-00018
                  40      0.810121000196700E-00018
                  41      0.809514082757425E-00018
                  42      0.805621576128085E-00018
                  43      0.799979335862105E-00018
                  44      0.793080458828212E-00018
                  45      0.785606913929692E-00018
                  46      0.778174588741013E-00018
                  47      0.771230130038903E-00018
                  48      0.765039528811986E-00018
                  49      0.759777692088452E-00018
                  50      0.752690143062959E-00018
