                   1      0.752716711564528E-00018
                   2      0.752896025903632E-00018
                   3      0.753292845779635E-00018
                   4      0.753874936007283E-00018
                   5      0.754629068555702E-00018
                   6      0.755538055244681E-00018
                   7      0.756582830603087E-00018
                   8      0.757743037133381E-00018
                   9      0.758997332605318E-00018
                  10      0.760323701792226E-00018
                  11      0.761699779247758E-00018
                  12      0.763103133190691E-00018
                  13      0.764511509694032E-00018
                  14      0.765903075171023E-00018
                  15      0.767256663713287E-00018
                  16      0.768552004886940E-00018
                  17      0.769769940871037E-00018
                  18      0.770892651827944E-00018
                  19      0.771903859995717E-00018
                  20      0.772788994482263E-00018
                  21      0.773535344448231E-00018
                  22      0.774132212345637E-00018
                  23      0.774571050554753E-00018
                  24      0.774845536866628E-00018
                  25      0.774951813442847E-00018
                  26      0.774950200891809E-00018
                  27      0.774836321764301E-00018
                  28      0.774553977938916E-00018
                  29      0.774107335857999E-00018
                  30      0.773502745389617E-00018
                  31      0.772748738169635E-00018
                  32      0.771855972613963E-00018
                  33      0.770837130541956E-00018
                  34      0.769706804464103E-00018
                  35      0.768481360191938E-00018
                  36      0.767178741158518E-00018
                  37      0.765818198584345E-00018
                  38      0.764419996255900E-00018
                  39      0.763005188628224E-00018
                  40      0.761595492002839E-00018
                  41      0.760213138810283E-00018
                  42      0.758880622140942E-00018
                  43      0.757620359628505E-00018
                  44      0.756454363356734E-00018
                  45      0.755403969246567E-00018
                  46      0.754489605448847E-00018
                  47      0.753730502471407E-00018
                  48      0.753144085121692E-00018
                  49      0.752743825990331E-00018
                  50      0.752559149519835E-00018
