                   1      0.752690142726987E-00018
                   2      0.752837362287832E-00018
                   3      0.753199485980921E-00018
                   4      0.753753995807143E-00018
                   5      0.754485346349823E-00018
                   6      0.755375759800331E-00018
                   7      0.756406012507733E-00018
                   8      0.757555728055048E-00018
                   9      0.758803638513187E-00018
                  10      0.760127861646841E-00018
                  11      0.761506110235980E-00018
                  12      0.762915890296875E-00018
                  13      0.764334799853756E-00018
                  14      0.765740854257355E-00018
                  15      0.767112722120155E-00018
                  16      0.768429915673328E-00018
                  17      0.769673009344267E-00018
                  18      0.770823874801349E-00018
                  19      0.771865895496928E-00018
                  20      0.772784148675455E-00018
                  21      0.773565561583845E-00018
                  22      0.774199051969403E-00018
                  23      0.774675653965720E-00018
                  24      0.774988608100461E-00018
                  25      0.775133262263875E-00018
                  26      0.775133829718347E-00018
                  27      0.774990825698202E-00018
                  28      0.774679477848199E-00018
                  29      0.774204438294042E-00018
                  30      0.773572458568799E-00018
                  31      0.772792496543998E-00018
                  32      0.771875629865155E-00018
                  33      0.770834929834769E-00018
                  34      0.769685316152683E-00018
                  35      0.768443403088445E-00018
                  36      0.767127330987784E-00018
                  37      0.765756562607355E-00018
                  38      0.764351643496617E-00018
                  39      0.762933948582906E-00018
                  40      0.761525431904264E-00018
                  41      0.760148388112478E-00018
                  42      0.758825226989456E-00018
                  43      0.757578242896686E-00018
                  44      0.756429357394720E-00018
                  45      0.755399840916028E-00018
                  46      0.754510046363529E-00018
                  47      0.753779177263467E-00018
                  48      0.753224979631739E-00018
                  49      0.752862910672372E-00018
                  50      0.752716711425968E-00018
