                   1      0.752716711723903E-00018
                   2      0.756920921183746E-00018
                   3      0.759958695986955E-00018
                   4      0.763204488440207E-00018
                   5      0.766402509179685E-00018
                   6      0.769295214803369E-00018
                   7      0.771735580814714E-00018
                   8      0.773583206881345E-00018
                   9      0.774728458948093E-00018
                  10      0.775134374814738E-00018
                  11      0.775145136575123E-00018
                  12      0.775145134947818E-00018
                  13      0.775145133898614E-00018
                  14      0.775145131319910E-00018
                  15      0.775058366775675E-00018
                  16      0.774369296624720E-00018
                  17      0.772943252315189E-00018
                  18      0.770854096601400E-00018
                  19      0.768180966268766E-00018
                  20      0.765116539923828E-00018
                  21      0.761917486649607E-00018
                  22      0.755870196651700E-00018
                  23      0.759775204566933E-00018
                  24      0.764367211071419E-00018
                  25      0.770068778252798E-00018
                  26      0.776171984818416E-00018
                  27      0.782628041786911E-00018
                  28      0.789183372603384E-00018
                  29      0.795583531455047E-00018
                  30      0.801591801060415E-00018
                  31      0.807000394166919E-00018
                  32      0.811644733333332E-00018
                  33      0.815417228694371E-00018
                  34      0.818278097682141E-00018
                  35      0.820258846443128E-00018
                  36      0.821457253397220E-00018
                  37      0.821908166988526E-00018
                  38      0.821909297216009E-00018
                  39      0.820424075776250E-00018
                  40      0.817340943263709E-00018
                  41      0.812420334710776E-00018
                  42      0.805900551410982E-00018
                  43      0.798362384645475E-00018
                  44      0.790419093548709E-00018
                  45      0.782568135269535E-00018
                  46      0.775154000036774E-00018
                  47      0.768391914493096E-00018
                  48      0.762534770385171E-00018
                  49      0.757752637373706E-00018
                  50      0.752391800553917E-00018
