                   1      0.752559149508629E-00018
                   2      0.756187925556218E-00018
                   3      0.759035966617613E-00018
                   4      0.762135360109350E-00018
                   5      0.765263579961150E-00018
                   6      0.768212263791234E-00018
                   7      0.770784052473318E-00018
                   8      0.772809247879585E-00018
                   9      0.774156482763862E-00018
                  10      0.774750638103251E-00018
                  11      0.774793586962660E-00018
                  12      0.774793604741186E-00018
                  13      0.774793609015952E-00018
                  14      0.774790978798051E-00018
                  15      0.774481966128472E-00018
                  16      0.773432420126515E-00018
                  17      0.771667036354758E-00018
                  18      0.769295091593170E-00018
                  19      0.766471951907135E-00018
                  20      0.763347569420608E-00018
                  21      0.759960374179120E-00018
                  22      0.755256457771053E-00018
                  23      0.756524032032516E-00018
                  24      0.760210706809742E-00018
                  25      0.764700868827674E-00018
                  26      0.769986160915870E-00018
                  27      0.775790230040483E-00018
                  28      0.781872426301908E-00018
                  29      0.787993718645932E-00018
                  30      0.793921674384598E-00018
                  31      0.799443278543579E-00018
                  32      0.804377195909697E-00018
                  33      0.808585606607704E-00018
                  34      0.811983954474544E-00018
                  35      0.814544196496158E-00018
                  36      0.816280190667642E-00018
                  37      0.817149680338393E-00018
                  38      0.817217767045154E-00018
                  39      0.817216729120057E-00018
                  40      0.814746030299783E-00018
                  41      0.810027795466158E-00018
                  42      0.803660562394964E-00018
                  43      0.796196641994791E-00018
                  44      0.788329457466800E-00018
                  45      0.780621895815941E-00018
                  46      0.773458793851329E-00018
                  47      0.767095467002865E-00018
                  48      0.761691334022165E-00018
                  49      0.757347512427626E-00018
                  50      0.752716711571708E-00018
