                   1      0.752391800179089E-00018
                   2      0.752821416008010E-00018
                   3      0.753996697821476E-00018
                   4      0.755789352317886E-00018
                   5      0.758056105212399E-00018
                   6      0.760640924078714E-00018
                   7      0.763380697361663E-00018
                   8      0.766112594287683E-00018
                   9      0.768681115201833E-00018
                  10      0.770944309934593E-00018
                  11      0.772779642031520E-00018
                  12      0.774089319272367E-00018
                  13      0.774804448410492E-00018
                  14      0.774894789251479E-00018
                  15      0.775044630908040E-00018
                  16      0.776006751773069E-00018
                  17      0.778168766217963E-00018
                  18      0.781730655891773E-00018
                  19      0.786487169897256E-00018
                  20      0.792092379921149E-00018
                  21      0.798274098488768E-00018
                  22      0.804792078873569E-00018
                  23      0.811405047350454E-00018
                  24      0.817870427300468E-00018
                  25      0.823952046412937E-00018
                  26      0.829429098352178E-00018
                  27      0.834106728780212E-00018
                  28      0.837832045756626E-00018
                  29      0.840526390192790E-00018
                  30      0.842260819422263E-00018
                  31      0.841949836558524E-00018
                  32      0.840450778532418E-00018
                  33      0.837816520613902E-00018
                  34      0.834059932679532E-00018
                  35      0.829275164021580E-00018
                  36      0.823605548997290E-00018
                  37      0.817223435131108E-00018
                  38      0.810320560931472E-00018
                  39      0.803100666936744E-00018
                  40      0.795772097018829E-00018
                  41      0.788540496995900E-00018
                  42      0.781601811881649E-00018
                  43      0.775135714871995E-00018
                  44      0.769299836054956E-00018
                  45      0.764225061552112E-00018
                  46      0.760011479524789E-00018
                  47      0.756724799676565E-00018
                  48      0.754394974400379E-00018
                  49      0.753017721944570E-00018
                  50      0.752559149394070E-00018
