                   1      0.752391800554120E-00018
                   2      0.753585871633434E-00018
                   3      0.756578078466810E-00018
                   4      0.760709756266071E-00018
                   5      0.765253543112304E-00018
                   6      0.769485803450305E-00018
                   7      0.772768193638783E-00018
                   8      0.774620043127513E-00018
                   9      0.774839351909160E-00018
                  10      0.773445625361905E-00018
                  11      0.770532341884011E-00018
                  12      0.766530271820545E-00018
                  13      0.762044546688971E-00018
                  14      0.757793332399315E-00018
                  15      0.754549452839061E-00018
                  16      0.753045482993870E-00018
                  17      0.754960698432270E-00018
                  18      0.759158064550312E-00018
                  19      0.765228543025438E-00018
                  20      0.772737716780134E-00018
                  21      0.781089555386964E-00018
                  22      0.789612179316536E-00018
                  23      0.797624839644378E-00018
                  24      0.804498551806815E-00018
                  25      0.809708969613660E-00018
                  26      0.812839482656272E-00018
                  27      0.812556685193545E-00018
                  28      0.803816881175206E-00018
                  29      0.792578667112309E-00018
                  30      0.781144939807454E-00018
                  31      0.770866204500271E-00018
                  32      0.762540536947255E-00018
                  33      0.756634985845544E-00018
                  34      0.753339292274109E-00018
                  35      0.752640721289630E-00018
                  36      0.754300992231788E-00018
                  37      0.757599266088494E-00018
                  38      0.761859760407705E-00018
                  39      0.766349560573949E-00018
                  40      0.770359539029171E-00018
                  41      0.773284677196238E-00018
                  42      0.774693875877159E-00018
                  43      0.774488216332792E-00018
                  44      0.772655997124442E-00018
                  45      0.769398198626686E-00018
                  46      0.765193243477418E-00018
                  47      0.760673028943396E-00018
                  48      0.756554693256470E-00018
                  49      0.753568813748967E-00018
                  50      0.752391799770147E-00018
