                   1      0.752559149494241E-00018
                   2      0.754607657555309E-00018
                   3      0.758182138934104E-00018
                   4      0.762627545447773E-00018
                   5      0.767170386186590E-00018
                   6      0.771076548755621E-00018
                   7      0.773738023182723E-00018
                   8      0.774762946426080E-00018
                   9      0.774745101987663E-00018
                  10      0.773613776072088E-00018
                  11      0.770857485875188E-00018
                  12      0.766882999762874E-00018
                  13      0.762306497278173E-00018
                  14      0.757865453884759E-00018
                  15      0.754323503659004E-00018
                  16      0.752440075962389E-00018
                  17      0.753817641352913E-00018
                  18      0.755656793446952E-00018
                  19      0.759491763893197E-00018
                  20      0.764997518084234E-00018
                  21      0.771686259107226E-00018
                  22      0.778980590068420E-00018
                  23      0.786266190850042E-00018
                  24      0.792954014362098E-00018
                  25      0.798541319506665E-00018
                  26      0.802656366101062E-00018
                  27      0.805043279589138E-00018
                  28      0.805313174682541E-00018
                  29      0.799037666958689E-00018
                  30      0.788922234239799E-00018
                  31      0.778018918451868E-00018
                  32      0.768167642775645E-00018
                  33      0.760421968826585E-00018
                  34      0.755249175203794E-00018
                  35      0.752706758304916E-00018
                  36      0.754609744631542E-00018
                  37      0.758172934799211E-00018
                  38      0.762619641049655E-00018
                  39      0.767190178944961E-00018
                  40      0.771149192623251E-00018
                  41      0.773881174768420E-00018
                  42      0.774989371575649E-00018
                  43      0.774993513960414E-00018
                  44      0.773894318888546E-00018
                  45      0.771153409047420E-00018
                  46      0.767157317145625E-00018
                  47      0.762535959436801E-00018
                  48      0.758047989398329E-00018
                  49      0.754489318171597E-00018
                  50      0.752559149395673E-00018
