                   1      0.752391800421143E-00018
                   2      0.755700667761354E-00018
                   3      0.758391901209895E-00018
                   4      0.761358198446043E-00018
                   5      0.764413983544175E-00018
                   6      0.767361317173914E-00018
                   7      0.770007994605144E-00018
                   8      0.772182969760677E-00018
                   9      0.773747329978077E-00018
                  10      0.774606225446996E-00018
                  11      0.774793454554568E-00018
                  12      0.774794075995893E-00018
                  13      0.774794076749794E-00018
                  14      0.774793274587536E-00018
                  15      0.774566464567847E-00018
                  16      0.773623802403173E-00018
                  17      0.771801534286164E-00018
                  18      0.768034489797530E-00018
                  19      0.770141911067003E-00018
                  20      0.775698470461332E-00018
                  21      0.781962270665430E-00018
                  22      0.789149635944462E-00018
                  23      0.796824825191480E-00018
                  24      0.804672543568132E-00018
                  25      0.812390752842049E-00018
                  26      0.819682802520365E-00018
                  27      0.826268877601290E-00018
                  28      0.831896113342096E-00018
                  29      0.836343322674604E-00018
                  30      0.839422013260621E-00018
                  31      0.841030194157421E-00018
                  32      0.841512561237981E-00018
                  33      0.841506485473797E-00018
                  34      0.841493712807522E-00018
                  35      0.840940549264061E-00018
                  36      0.838998560937689E-00018
                  37      0.835510293422008E-00018
                  38      0.830631176469951E-00018
                  39      0.824583874261712E-00018
                  40      0.817620514904443E-00018
                  41      0.810008950107783E-00018
                  42      0.802025992432574E-00018
                  43      0.793950753496504E-00018
                  44      0.786055354134306E-00018
                  45      0.778593773723357E-00018
                  46      0.771790164382978E-00018
                  47      0.765827834738512E-00018
                  48      0.760835192747218E-00018
                  49      0.756875661465947E-00018
                  50      0.752690142800611E-00018
