                   1      0.752391800350202E-00018
                   2      0.752563736495932E-00018
                   3      0.752949864149256E-00018
                   4      0.753524917806986E-00018
                   5      0.754274729543342E-00018
                   6      0.755181844075183E-00018
                   7      0.756227093181166E-00018
                   8      0.757390039118515E-00018
                   9      0.758649282094343E-00018
                  10      0.759982780806174E-00018
                  11      0.761368151709140E-00018
                  12      0.762782933697807E-00018
                  13      0.764204828621191E-00018
                  14      0.765611933177897E-00018
                  15      0.766982980771718E-00018
                  16      0.768297587268473E-00018
                  17      0.769536471692646E-00018
                  18      0.770681648924105E-00018
                  19      0.771716629970641E-00018
                  20      0.772626638544268E-00018
                  21      0.773398795855785E-00018
                  22      0.774022244098773E-00018
                  23      0.774488243743095E-00018
                  24      0.774790256016413E-00018
                  25      0.774923873014469E-00018
                  26      0.774927775751759E-00018
                  27      0.774812490417843E-00018
                  28      0.774528763355905E-00018
                  29      0.774080911400145E-00018
                  30      0.773475405244303E-00018
                  31      0.772720933081987E-00018
                  32      0.771828327982610E-00018
                  33      0.770810434296102E-00018
                  34      0.769681954844784E-00018
                  35      0.768459287295352E-00018
                  36      0.767160345928224E-00018
                  37      0.765804367665834E-00018
                  38      0.764411705803639E-00018
                  39      0.763003612522784E-00018
                  40      0.761602001619970E-00018
                  41      0.760229185208068E-00018
                  42      0.758907601390607E-00018
                  43      0.757659557729837E-00018
                  44      0.756506988340815E-00018
                  45      0.755471196162824E-00018
                  46      0.754572565176703E-00018
                  47      0.753830241493646E-00018
                  48      0.753261598649486E-00018
                  49      0.752880466981882E-00018
                  50      0.752716711865786E-00018
