                   1      0.752716711682180E-00018
                   2      0.752880423161358E-00018
                   3      0.753261667275191E-00018
                   4      0.753830395638671E-00018
                   5      0.754572792210193E-00018
                   6      0.755471483003188E-00018
                   7      0.756507317269726E-00018
                   8      0.757659910825814E-00018
                   9      0.758907954756978E-00018
                  10      0.760229498669750E-00018
                  11      0.761602228333348E-00018
                  12      0.763003731390722E-00018
                  13      0.764411734646323E-00018
                  14      0.765804336281239E-00018
                  15      0.767160279217802E-00018
                  16      0.768459223483453E-00018
                  17      0.769681952433847E-00018
                  18      0.770810545786668E-00018
                  19      0.771828574912267E-00018
                  20      0.772721303439134E-00018
                  21      0.773475854867708E-00018
                  22      0.774081358925896E-00018
                  23      0.774529096649977E-00018
                  24      0.774812586249021E-00018
                  25      0.774927496503644E-00018
                  26      0.774923478794659E-00018
                  27      0.774790003456694E-00018
                  28      0.774488082776634E-00018
                  29      0.774022137820585E-00018
                  30      0.773398730817079E-00018
                  31      0.772626600937408E-00018
                  32      0.771716599346824E-00018
                  33      0.770681597909138E-00018
                  34      0.769536361447845E-00018
                  35      0.768297365396958E-00018
                  36      0.766982582739623E-00018
                  37      0.765611292454373E-00018
                  38      0.764203918793222E-00018
                  39      0.762781827255973E-00018
                  40      0.761367018569527E-00018
                  41      0.759981809460229E-00018
                  42      0.758648600170890E-00018
                  43      0.757389678071272E-00018
                  44      0.756226992044482E-00018
                  45      0.755181883168909E-00018
                  46      0.754274777952390E-00018
                  47      0.753524880656934E-00018
                  48      0.752949715153408E-00018
                  49      0.752563557740584E-00018
                  50      0.752391800884454E-00018
