                   1      0.752716711503442E-00018
                   2      0.754146082696951E-00018
                   3      0.757327095887106E-00018
                   4      0.761551811446441E-00018
                   5      0.766076848860289E-00018
                   6      0.770176979305025E-00018
                   7      0.773224770070113E-00018
                   8      0.774764501613684E-00018
                   9      0.774841921413347E-00018
                  10      0.773511499717539E-00018
                  11      0.770625877868494E-00018
                  12      0.766605159021206E-00018
                  13      0.762055203303152E-00018
                  14      0.757691081098930E-00018
                  15      0.754258175603377E-00018
                  16      0.752471655886883E-00018
                  17      0.753566205912372E-00018
                  18      0.756111385567781E-00018
                  19      0.760193002913489E-00018
                  20      0.765783832456093E-00018
                  21      0.772471463737971E-00018
                  22      0.779706325540259E-00018
                  23      0.786900078742449E-00018
                  24      0.793482333888293E-00018
                  25      0.798953263334325E-00018
                  26      0.802917179818746E-00018
                  27      0.805020156617835E-00018
                  28      0.802861779718662E-00018
                  29      0.794165191745360E-00018
                  30      0.783384416535651E-00018
                  31      0.772956753248120E-00018
                  32      0.764147191750748E-00018
                  33      0.757648787518885E-00018
                  34      0.753738226191830E-00018
                  35      0.752617393876294E-00018
                  36      0.754383664860041E-00018
                  37      0.757801619460426E-00018
                  38      0.762149660130055E-00018
                  39      0.766681059630657E-00018
                  40      0.770682406608427E-00018
                  41      0.773547835722029E-00018
                  42      0.774860712560438E-00018
                  43      0.774767118227119E-00018
                  44      0.773192281508128E-00018
                  45      0.770120023264933E-00018
                  46      0.766003590785641E-00018
                  47      0.761472160602613E-00018
                  48      0.757253998529124E-00018
                  49      0.754098914760401E-00018
                  50      0.752716711840358E-00018
