                   1      0.752559149500537E-00018
                   2      0.752698735075886E-00018
                   3      0.753054721062876E-00018
                   4      0.753603157145597E-00018
                   5      0.754328654895904E-00018
                   6      0.755213494886773E-00018
                   7      0.756238508113360E-00018
                   8      0.757383365542174E-00018
                   9      0.758626806653965E-00018
                  10      0.759946893470863E-00018
                  11      0.761321282381662E-00018
                  12      0.762727508769752E-00018
                  13      0.764143263651051E-00018
                  14      0.765546638426085E-00018
                  15      0.766916334125149E-00018
                  16      0.768231866978612E-00018
                  17      0.769473805796493E-00018
                  18      0.770624014914181E-00018
                  19      0.771665856460059E-00018
                  20      0.772584372983242E-00018
                  21      0.773366481945555E-00018
                  22      0.774001135867437E-00018
                  23      0.774479410731356E-00018
                  24      0.774794551962472E-00018
                  25      0.774941741205819E-00018
                  26      0.774944456661374E-00018
                  27      0.774804810054313E-00018
                  28      0.774497540569832E-00018
                  29      0.774027147794447E-00018
                  30      0.773400326281710E-00018
                  31      0.772625982347691E-00018
                  32      0.771715170805110E-00018
                  33      0.770680964975492E-00018
                  34      0.769538287409946E-00018
                  35      0.768303735378495E-00018
                  36      0.766995407327254E-00018
                  37      0.765632710786818E-00018
                  38      0.764236135580357E-00018
                  39      0.762827008009504E-00018
                  40      0.761427253214172E-00018
                  41      0.760059166277664E-00018
                  42      0.758745173984122E-00018
                  43      0.757507573163627E-00018
                  44      0.756368257332471E-00018
                  45      0.755348457827278E-00018
                  46      0.754468499174109E-00018
                  47      0.753747563462716E-00018
                  48      0.753203388421193E-00018
                  49      0.752851511172407E-00018
                  50      0.752716711635553E-00018
