                   1      0.752391800195379E-00018
                   2      0.752910521994678E-00018
                   3      0.754312801769012E-00018
                   4      0.756421618644800E-00018
                   5      0.759040069590393E-00018
                   6      0.761959436750952E-00018
                   7      0.764965193016814E-00018
                   8      0.767847635828885E-00018
                   9      0.770412887797423E-00018
                  10      0.772492728901018E-00018
                  11      0.773953153466914E-00018
                  12      0.774701212963036E-00018
                  13      0.774721556043052E-00018
                  14      0.774017033048478E-00018
                  15      0.772598415183235E-00018
                  16      0.770560639726807E-00018
                  17      0.768047565276459E-00018
                  18      0.765530394468013E-00018
                  19      0.763079679191572E-00018
                  20      0.761338895102847E-00018
                  21      0.764037476308308E-00018
                  22      0.767963052984326E-00018
                  23      0.773185987925157E-00018
                  24      0.779453131920729E-00018
                  25      0.786477702486920E-00018
                  26      0.793946245142013E-00018
                  27      0.801563964944927E-00018
                  28      0.809043715966112E-00018
                  29      0.816106886916097E-00018
                  30      0.822491087221637E-00018
                  31      0.827958420126275E-00018
                  32      0.832303582960573E-00018
                  33      0.835356509578920E-00018
                  34      0.836816068665584E-00018
                  35      0.834689599873073E-00018
                  36      0.830586901548882E-00018
                  37      0.825012637270779E-00018
                  38      0.818339098271348E-00018
                  39      0.810908515671614E-00018
                  40      0.803038719792797E-00018
                  41      0.795027534433265E-00018
                  42      0.787154427431979E-00018
                  43      0.779677572153077E-00018
                  44      0.772827630083680E-00018
                  45      0.766800422912796E-00018
                  46      0.761750098923935E-00018
                  47      0.757783146112308E-00018
                  48      0.754956120677683E-00018
                  49      0.753278881567377E-00018
                  50      0.752716711083651E-00018
