                   1      0.752559149744319E-00018
                   2      0.753088147390619E-00018
                   3      0.754523264190643E-00018
                   4      0.756681701104997E-00018
                   5      0.759358532324331E-00018
                   6      0.762335892624906E-00018
                   7      0.765389968514905E-00018
                   8      0.768302702186625E-00018
                   9      0.770873405489789E-00018
                  10      0.772929264188025E-00018
                  11      0.774334356164615E-00018
                  12      0.774996914578126E-00018
                  13      0.774893106494794E-00018
                  14      0.774022258928210E-00018
                  15      0.772430461775278E-00018
                  16      0.770222884160905E-00018
                  17      0.767547352383787E-00018
                  18      0.764589816444949E-00018
                  19      0.761577330188770E-00018
                  20      0.758843301324891E-00018
                  21      0.756534100925741E-00018
                  22      0.755875807395469E-00018
                  23      0.756276178679507E-00018
                  24      0.757653480233970E-00018
                  25      0.760799347048435E-00018
                  26      0.765022880676089E-00018
                  27      0.770079246875923E-00018
                  28      0.775716263580617E-00018
                  29      0.781700129280009E-00018
                  30      0.787805118881248E-00018
                  31      0.793809969244311E-00018
                  32      0.799498623145920E-00018
                  33      0.804668110292011E-00018
                  34      0.809136967036398E-00018
                  35      0.812751091006571E-00018
                  36      0.815383153899585E-00018
                  37      0.816909454373720E-00018
                  38      0.816208542270706E-00018
                  39      0.810357030666793E-00018
                  40      0.803224805614675E-00018
                  41      0.795458646021825E-00018
                  42      0.787576354991178E-00018
                  43      0.779981533122312E-00018
                  44      0.772979927005086E-00018
                  45      0.766803278155029E-00018
                  46      0.761623387260881E-00018
                  47      0.757556285235863E-00018
                  48      0.754663065561235E-00018
                  49      0.752954110578144E-00018
                  50      0.752391800972778E-00018
