                   1      0.752559149689889E-00018
                   2      0.752731487504650E-00018
                   3      0.753118156677063E-00018
                   4      0.753693749000217E-00018
                   5      0.754443878490540E-00018
                   6      0.755350992586016E-00018
                   7      0.756395875086685E-00018
                   8      0.757558099853253E-00018
                   9      0.758816313737906E-00018
                  10      0.760148526522347E-00018
                  11      0.761532395564463E-00018
                  12      0.762945476674155E-00018
                  13      0.764365455391587E-00018
                  14      0.765770389844769E-00018
                  15      0.767138967309786E-00018
                  16      0.768450756276162E-00018
                  17      0.769686441394533E-00018
                  18      0.770828042252748E-00018
                  19      0.771859119684332E-00018
                  20      0.772764956358503E-00018
                  21      0.773532703469575E-00018
                  22      0.774151512246983E-00018
                  23      0.774612653340367E-00018
                  24      0.774909582667966E-00018
                  25      0.775037873741573E-00018
                  26      0.775039477341140E-00018
                  27      0.774918741945463E-00018
                  28      0.774629183231636E-00018
                  29      0.774175275356934E-00018
                  30      0.773563657286906E-00018
                  31      0.772803122943920E-00018
                  32      0.771904481484725E-00018
                  33      0.770880491037371E-00018
                  34      0.769745815014601E-00018
                  35      0.768516866792813E-00018
                  36      0.767211593780518E-00018
                  37      0.765849286034779E-00018
                  38      0.764450368038031E-00018
                  39      0.763036132790667E-00018
                  40      0.761628466494806E-00018
                  41      0.760249626871376E-00018
                  42      0.758922044260004E-00018
                  43      0.757668085660534E-00018
                  44      0.756509765799931E-00018
                  45      0.755468443141978E-00018
                  46      0.754564541617052E-00018
                  47      0.753817282721334E-00018
                  48      0.753244236206409E-00018
                  49      0.752859835227513E-00018
                  50      0.752690142859773E-00018
