                   1      0.752690142952744E-00018
                   2      0.756073189028194E-00018
                   3      0.758873453529932E-00018
                   4      0.761964786920502E-00018
                   5      0.765139038252626E-00018
                   6      0.768169525703918E-00018
                   7      0.770838588940038E-00018
                   8      0.772956108643537E-00018
                   9      0.774374587005047E-00018
                  10      0.775005792807553E-00018
                  11      0.775044693553213E-00018
                  12      0.775045003495629E-00018
                  13      0.775044490029015E-00018
                  14      0.774989522140559E-00018
                  15      0.774302092897594E-00018
                  16      0.772827207834129E-00018
                  17      0.770659243587741E-00018
                  18      0.767949716941641E-00018
                  19      0.764892840182576E-00018
                  20      0.761711684958854E-00018
                  21      0.758582028199566E-00018
                  22      0.755082903305702E-00018
                  23      0.753893057592603E-00018
                  24      0.756363902681239E-00018
                  25      0.759387560308457E-00018
                  26      0.763437503013942E-00018
                  27      0.768190925518369E-00018
                  28      0.773436581220501E-00018
                  29      0.778955109231452E-00018
                  30      0.784522296958028E-00018
                  31      0.789921374572985E-00018
                  32      0.794955044051246E-00018
                  33      0.799456801587683E-00018
                  34      0.803300588418936E-00018
                  35      0.806407108336429E-00018
                  36      0.808744235042299E-00018
                  37      0.810317716139673E-00018
                  38      0.811142562917920E-00018
                  39      0.811230787029844E-00018
                  40      0.811210565921620E-00018
                  41      0.808038809123645E-00018
                  42      0.802558021872626E-00018
                  43      0.795333196683232E-00018
                  44      0.787398444397405E-00018
                  45      0.779580491320725E-00018
                  46      0.772365181466766E-00018
                  47      0.766035709448200E-00018
                  48      0.760762708752433E-00018
                  49      0.756616384342916E-00018
                  50      0.752391800282908E-00018
