                   1      0.752391800239200E-00018
                   2      0.752516332724009E-00018
                   3      0.752855764609977E-00018
                   4      0.753389906788197E-00018
                   5      0.754102678822728E-00018
                   6      0.754976272143060E-00018
                   7      0.755991583686279E-00018
                   8      0.757128340521435E-00018
                   9      0.758365277775620E-00018
                  10      0.759680438983646E-00018
                  11      0.761051516036053E-00018
                  12      0.762456116740257E-00018
                  13      0.763871970052465E-00018
                  14      0.765277136726658E-00018
                  15      0.766650240859863E-00018
                  16      0.767970717001545E-00018
                  17      0.769219058727455E-00018
                  18      0.770377029406452E-00018
                  19      0.771427845691992E-00018
                  20      0.772356398517807E-00018
                  21      0.773149484483963E-00018
                  22      0.773795942293162E-00018
                  23      0.774286705460032E-00018
                  24      0.774614870744801E-00018
                  25      0.774775696721454E-00018
                  26      0.774779551484220E-00018
                  27      0.774627719125505E-00018
                  28      0.774308521791246E-00018
                  29      0.773826621246399E-00018
                  30      0.773188877504351E-00018
                  31      0.772404376438370E-00018
                  32      0.771484337291903E-00018
                  33      0.770441974307821E-00018
                  34      0.769292334404461E-00018
                  35      0.768052126323084E-00018
                  36      0.766739534366785E-00018
                  37      0.765374018333521E-00018
                  38      0.763976108351338E-00018
                  39      0.762567181590316E-00018
                  40      0.761169214300271E-00018
                  41      0.759804526922435E-00018
                  42      0.758495536668000E-00018
                  43      0.757264511463802E-00018
                  44      0.756133313738071E-00018
                  45      0.755123136679534E-00018
                  46      0.754254256975754E-00018
                  47      0.753545844154435E-00018
                  48      0.753015782333507E-00018
                  49      0.752680223028102E-00018
                  50      0.752559149545295E-00018
