                   1      0.752690142410656E-00018
                   2      0.753210864821316E-00018
                   3      0.754459246037498E-00018
                   4      0.756294920140076E-00018
                   5      0.758574964253582E-00018
                   6      0.761144514522713E-00018
                   7      0.763843604983196E-00018
                   8      0.766513487534203E-00018
                   9      0.769003230799022E-00018
                  10      0.771176425275232E-00018
                  11      0.772911895273795E-00018
                  12      0.774114971474511E-00018
                  13      0.774959538200611E-00018
                  14      0.774919716675088E-00018
                  15      0.775645861613308E-00018
                  16      0.777589011773202E-00018
                  17      0.780890145562096E-00018
                  18      0.785302110506567E-00018
                  19      0.790537494755748E-00018
                  20      0.796372328346961E-00018
                  21      0.802593200251460E-00018
                  22      0.808975427618285E-00018
                  23      0.815289093379481E-00018
                  24      0.821310583477620E-00018
                  25      0.826837984959386E-00018
                  26      0.831708725986940E-00018
                  27      0.835799454921673E-00018
                  28      0.838980886450324E-00018
                  29      0.841078067585872E-00018
                  30      0.841932155059133E-00018
                  31      0.841787150747225E-00018
                  32      0.840519130872179E-00018
                  33      0.838018810188359E-00018
                  34      0.834372010935357E-00018
                  35      0.829693067181964E-00018
                  36      0.824125291681425E-00018
                  37      0.817837145920975E-00018
                  38      0.811016278889754E-00018
                  39      0.803862644831914E-00018
                  40      0.796581356289266E-00018
                  41      0.789375562112986E-00018
                  42      0.782439545024309E-00018
                  43      0.775952270263791E-00018
                  44      0.770071615835366E-00018
                  45      0.764929455501531E-00018
                  46      0.760627754291275E-00018
                  47      0.757235854937609E-00018
                  48      0.754789014164121E-00018
                  49      0.753287705749365E-00018
                  50      0.752716711916881E-00018
