                   1      0.999348548598824E-00017
                   2      0.999465700725999E-00017
                   3      0.999810430349779E-00017
                   4      0.100037099625099E-00016
                   5      0.100114395227800E-00016
                   6      0.100212491648123E-00016
                   7      0.100330891044735E-00016
                   8      0.100468964189364E-00016
                   9      0.100625780711600E-00016
                  10      0.100799783255625E-00016
                  11      0.100988306099337E-00016
                  12      0.101187038584269E-00016
                  13      0.101389817310343E-00016
                  14      0.101589767520499E-00016
                  15      0.101782461761172E-00016
                  16      0.101967349679664E-00016
                  17      0.102146221124515E-00016
                  18      0.102321308888415E-00016
                  19      0.102493655627976E-00016
                  20      0.102662567127790E-00016
                  21      0.102825857087136E-00016
                  22      0.102980362345520E-00016
                  23      0.103122479527430E-00016
                  24      0.103248635272161E-00016
                  25      0.103355657303495E-00016
                  26      0.103441044995628E-00016
                  27      0.103503156835455E-00016
                  28      0.103541318366269E-00016
                  29      0.103555346908205E-00016
                  30      0.103548427169233E-00016
                  31      0.103520207536909E-00016
                  32      0.103472249699148E-00016
                  33      0.103406983475970E-00016
                  34      0.103327159415705E-00016
                  35      0.103235672003098E-00016
                  36      0.103135436988438E-00016
                  37      0.103029313801559E-00016
                  38      0.102920051337009E-00016
                  39      0.102810243801842E-00016
                  40      0.102702292354457E-00016
                  41      0.102598373463149E-00016
                  42      0.102500416509616E-00016
                  43      0.102410093112238E-00016
                  44      0.102328822276824E-00016
                  45      0.102257796632813E-00016
                  46      0.102198026404953E-00016
                  47      0.102150396095815E-00016
                  48      0.102115715222467E-00016
                  49      0.102094791596721E-00016
                  50      0.102088634869117E-00016
