                   1      0.102088634870956E-00016
                   2      0.102125901115827E-00016
                   3      0.102200456404063E-00016
                   4      0.102309367209559E-00016
                   5      0.102448779884543E-00016
                   6      0.102614745944453E-00016
                   7      0.102794452985571E-00016
                   8      0.102979294989824E-00016
                   9      0.103158518834960E-00016
                  10      0.103317169504319E-00016
                  11      0.103442870999218E-00016
                  12      0.103527175554843E-00016
                  13      0.103592329457992E-00016
                  14      0.103592454810139E-00016
                  15      0.103585617373061E-00016
                  16      0.103547664028407E-00016
                  17      0.103457379418408E-00016
                  18      0.103298773816348E-00016
                  19      0.103079281341815E-00016
                  20      0.102793720871011E-00016
                  21      0.102457583274067E-00016
                  22      0.102144085031921E-00016
                  23      0.101967300573980E-00016
                  24      0.102002496031778E-00016
                  25      0.102190006364257E-00016
                  26      0.102504683492172E-00016
                  27      0.102871414391901E-00016
                  28      0.103217810371636E-00016
                  29      0.103523518131615E-00016
                  30      0.103772994192228E-00016
                  31      0.103961555124992E-00016
                  32      0.104089110367333E-00016
                  33      0.104159922118310E-00016
                  34      0.104182379286531E-00016
                  35      0.104169234168748E-00016
                  36      0.104132492024099E-00016
                  37      0.104069205745710E-00016
                  38      0.103972540766822E-00016
                  39      0.103833956790787E-00016
                  40      0.103658070081031E-00016
                  41      0.103457378085652E-00016
                  42      0.103243101770178E-00016
                  43      0.103024009496855E-00016
                  44      0.102811528471580E-00016
                  45      0.102614791532671E-00016
                  46      0.102438941403365E-00016
                  47      0.102295486527569E-00016
                  48      0.102186631551561E-00016
                  49      0.102114530818880E-00016
                  50      0.102082127127601E-00016
