                   1      0.999348549354344E-00017
                   2      0.100037864397274E-00016
                   3      0.100157639397514E-00016
                   4      0.100309591331714E-00016
                   5      0.100494738887988E-00016
                   6      0.100710160925311E-00016
                   7      0.100950177638075E-00016
                   8      0.101205444515116E-00016
                   9      0.101463519119343E-00016
                  10      0.101711924597818E-00016
                  11      0.101942213857035E-00016
                  12      0.102152837975061E-00016
                  13      0.102351741308662E-00016
                  14      0.102351744781382E-00016
                  15      0.102271742298488E-00016
                  16      0.102166166881505E-00016
                  17      0.102142140322951E-00016
                  18      0.102167201871871E-00016
                  19      0.102236175699871E-00016
                  20      0.102340066821314E-00016
                  21      0.102473960048662E-00016
                  22      0.102636746666282E-00016
                  23      0.102830279776794E-00016
                  24      0.103055576025247E-00016
                  25      0.103307430051031E-00016
                  26      0.103568725688252E-00016
                  27      0.103809020662680E-00016
                  28      0.104005152487365E-00016
                  29      0.104142551523315E-00016
                  30      0.104215810586557E-00016
                  31      0.104231673121242E-00016
                  32      0.104231789475051E-00016
                  33      0.104231775677244E-00016
                  34      0.104223162814206E-00016
                  35      0.104166137167519E-00016
                  36      0.104047897933601E-00016
                  37      0.103870626442693E-00016
                  38      0.103639550770930E-00016
                  39      0.103361750165392E-00016
                  40      0.103045678633620E-00016
                  41      0.102700808370730E-00016
                  42      0.102337319044344E-00016
                  43      0.101965812933250E-00016
                  44      0.101597047577366E-00016
                  45      0.101241669463213E-00016
                  46      0.100909935870868E-00016
                  47      0.100611581999978E-00016
                  48      0.100355665992575E-00016
                  49      0.100149505565633E-00016
                  50      0.999425719652236E-00017
