                   1      0.952101485298537E-00017
                   2      0.955532872746785E-00017
                   3      0.956922532129152E-00017
                   4      0.957911124690973E-00017
                   5      0.958264359452227E-00017
                   6      0.958394858212116E-00017
                   7      0.958406634618791E-00017
                   8      0.958456914996730E-00017
                   9      0.958456976670309E-00017
                  10      0.958457022007016E-00017
                  11      0.958433736074171E-00017
                  12      0.958414445212604E-00017
                  13      0.958391765299716E-00017
                  14      0.958371256917594E-00017
                  15      0.958337564373254E-00017
                  16      0.958291162205287E-00017
                  17      0.958278757827094E-00017
                  18      0.958264377043221E-00017
                  19      0.958136077238150E-00017
                  20      0.957705108286563E-00017
                  21      0.956765112784052E-00017
                  22      0.955173203187571E-00017
                  23      0.951652094099632E-00017
                  24      0.922613381024648E-00017
                  25      0.942859690208444E-00017
                  26      0.948599629067256E-00017
                  27      0.951744813316372E-00017
                  28      0.954295302299037E-00017
                  29      0.956441929856180E-00017
                  30      0.958158448906857E-00017
                  31      0.959456905816508E-00017
                  32      0.960396746482554E-00017
                  33      0.961046006440983E-00017
                  34      0.961468873296823E-00017
                  35      0.961720575415159E-00017
                  36      0.961846428895392E-00017
                  37      0.961882181742946E-00017
                  38      0.961860259763461E-00017
                  39      0.961819492323488E-00017
                  40      0.961788092537894E-00017
                  41      0.961758129948235E-00017
                  42      0.961721112830815E-00017
                  43      0.961666486881017E-00017
                  44      0.961563967803664E-00017
                  45      0.961300916646192E-00017
                  46      0.960635872198551E-00017
                  47      0.959348921881721E-00017
                  48      0.957432393475934E-00017
                  49      0.955481661604991E-00017
                  50      0.952007416932751E-00017
