                   1      0.911503750470350E-00017
                   2      0.911629089099458E-00017
                   3      0.912010871966989E-00017
                   4      0.912645362227399E-00017
                   5      0.913528728193594E-00017
                   6      0.914656724875509E-00017
                   7      0.916024230246062E-00017
                   8      0.917613844579306E-00017
                   9      0.919401280978986E-00017
                  10      0.921347385474802E-00017
                  11      0.923400000914175E-00017
                  12      0.925502886812786E-00017
                  13      0.927600304675686E-00017
                  14      0.929710579191557E-00017
                  15      0.931849265486486E-00017
                  16      0.934029059565043E-00017
                  17      0.936250737175780E-00017
                  18      0.938502490227695E-00017
                  19      0.940762734468606E-00017
                  20      0.943003171794719E-00017
                  21      0.945191431850526E-00017
                  22      0.947293354840289E-00017
                  23      0.949275208893370E-00017
                  24      0.951105768218467E-00017
                  25      0.952758031653706E-00017
                  26      0.954210491254816E-00017
                  27      0.955448015182531E-00017
                  28      0.956462381994107E-00017
                  29      0.957252433191839E-00017
                  30      0.957823784871510E-00017
                  31      0.958188051032221E-00017
                  32      0.958361703075122E-00017
                  33      0.958368315179770E-00017
                  34      0.958231398663279E-00017
                  35      0.957969685365786E-00017
                  36      0.957605529984462E-00017
                  37      0.957161481008569E-00017
                  38      0.956659604422277E-00017
                  39      0.956120939997209E-00017
                  40      0.955565056268123E-00017
                  41      0.955009757587743E-00017
                  42      0.954470954582474E-00017
                  43      0.953962992788707E-00017
                  44      0.953498765855188E-00017
                  45      0.953087401639731E-00017
                  46      0.952737672346615E-00017
                  47      0.952457687327262E-00017
                  48      0.952254262243519E-00017
                  49      0.952132293260035E-00017
                  50      0.952101485275879E-00017
