                   1      0.911503751228862E-00017
                   2      0.911673204275472E-00017
                   3      0.912145593872844E-00017
                   4      0.912849171358206E-00017
                   5      0.912801657651075E-00017
                   6      0.912786770175686E-00017
                   7      0.913128643433881E-00017
                   8      0.913892348026929E-00017
                   9      0.915079474160816E-00017
                  10      0.916654606715198E-00017
                  11      0.918547979820915E-00017
                  12      0.920683193678112E-00017
                  13      0.922998741136713E-00017
                  14      0.925444372015675E-00017
                  15      0.927973175825684E-00017
                  16      0.930538973057195E-00017
                  17      0.933095705759136E-00017
                  18      0.935597102358765E-00017
                  19      0.937997336429319E-00017
                  20      0.940252600302728E-00017
                  21      0.942321870793293E-00017
                  22      0.944167116372707E-00017
                  23      0.945753788334226E-00017
                  24      0.947051724026539E-00017
                  25      0.948036127384071E-00017
                  26      0.948688175201638E-00017
                  27      0.948994933276598E-00017
                  28      0.948978964261250E-00017
                  29      0.948635924498834E-00017
                  30      0.947948588949638E-00017
                  31      0.946930515933692E-00017
                  32      0.945601389794127E-00017
                  33      0.943986487066222E-00017
                  34      0.942116088075370E-00017
                  35      0.940024933162176E-00017
                  36      0.937751591695543E-00017
                  37      0.935337826300937E-00017
                  38      0.932827793942288E-00017
                  39      0.930266991492186E-00017
                  40      0.927701511851602E-00017
                  41      0.925177637377118E-00017
                  42      0.922741502109300E-00017
                  43      0.920438592767279E-00017
                  44      0.918313158973655E-00017
                  45      0.916407801655750E-00017
                  46      0.914763074225391E-00017
                  47      0.913416754960090E-00017
                  48      0.912404046531381E-00017
                  49      0.911759028554970E-00017
                  50      0.911517001088091E-00017
