                   1      0.787749126533604E-00017
                   2      0.788052976765490E-00017
                   3      0.788933198186983E-00017
                   4      0.790328319223641E-00017
                   5      0.792170467059825E-00017
                   6      0.794387413291063E-00017
                   7      0.796902057888958E-00017
                   8      0.799632506401384E-00017
                   9      0.802493607499966E-00017
                  10      0.805398577756608E-00017
                  11      0.808260173754883E-00017
                  12      0.810992282904321E-00017
                  13      0.813512141048771E-00017
                  14      0.815742675360340E-00017
                  15      0.817614881683396E-00017
                  16      0.819070313968543E-00017
                  17      0.820063831716032E-00017
                  18      0.820565258727841E-00017
                  19      0.820708583766022E-00017
                  20      0.821335419576308E-00017
                  21      0.822343508959585E-00017
                  22      0.823650631634810E-00017
                  23      0.825180294537578E-00017
                  24      0.826856017887379E-00017
                  25      0.828604106884692E-00017
                  26      0.830357250685280E-00017
                  27      0.832057357302118E-00017
                  28      0.833657897207643E-00017
                  29      0.835125874424206E-00017
                  30      0.836443375942277E-00017
                  31      0.837608658294598E-00017
                  32      0.838637119587798E-00017
                  33      0.839565643353412E-00017
                  34      0.840479463868298E-00017
                  35      0.841569705820811E-00017
                  36      0.842998125340908E-00017
                  37      0.844655076400534E-00017
                  38      0.846273769235962E-00017
                  39      0.847641335673430E-00017
                  40      0.848685114777059E-00017
                  41      0.849428515139960E-00017
                  42      0.849924287388164E-00017
                  43      0.850225836522999E-00017
                  44      0.850382194845278E-00017
                  45      0.850438174076930E-00017
                  46      0.850431452193899E-00017
                  47      0.850393813058884E-00017
                  48      0.850349723305053E-00017
                  49      0.850318765431812E-00017
                  50      0.850320475093931E-00017
