                   1      0.850320346068787E-00017
                   2      0.850507648722439E-00017
                   3      0.850563537160020E-00017
                   4      0.850609022806616E-00017
                   5      0.850631395488329E-00017
                   6      0.850657201585981E-00017
                   7      0.850720065900341E-00017
                   8      0.850720088143056E-00017
                   9      0.850719030840399E-00017
                  10      0.850732753341733E-00017
                  11      0.850617350379670E-00017
                  12      0.850548725659588E-00017
                  13      0.850522952416772E-00017
                  14      0.850492160800787E-00017
                  15      0.850441911736665E-00017
                  16      0.850361108326427E-00017
                  17      0.850254226527723E-00017
                  18      0.850133195164075E-00017
                  19      0.850005070539328E-00017
                  20      0.849730628199271E-00017
                  21      0.848270871808103E-00017
                  22      0.840972276781252E-00017
                  23      0.824026749100554E-00017
                  24      0.816883106122304E-00017
                  25      0.819821241147349E-00017
                  26      0.824338288096968E-00017
                  27      0.830076636606934E-00017
                  28      0.836876045264370E-00017
                  29      0.843821695521408E-00017
                  30      0.848495227557201E-00017
                  31      0.850032889513478E-00017
                  32      0.850346648123903E-00017
                  33      0.850531203196816E-00017
                  34      0.850676231750317E-00017
                  35      0.850747121533405E-00017
                  36      0.850787790520531E-00017
                  37      0.850823596781788E-00017
                  38      0.850850013317315E-00017
                  39      0.850868601199305E-00017
                  40      0.850868360423731E-00017
                  41      0.850854125213250E-00017
                  42      0.850845842598497E-00017
                  43      0.850850028978099E-00017
                  44      0.850827424524642E-00017
                  45      0.850785488773042E-00017
                  46      0.850720867795468E-00017
                  47      0.850618442786793E-00017
                  48      0.850494453647877E-00017
                  49      0.850342888669390E-00017
                  50      0.849994116203038E-00017
