                   1      0.787749126649667E-00017
                   2      0.789826445028436E-00017
                   3      0.791130337014344E-00017
                   4      0.792592716570154E-00017
                   5      0.794219603131122E-00017
                   6      0.795989756366751E-00017
                   7      0.797877872677250E-00017
                   8      0.799856016748126E-00017
                   9      0.801894944834336E-00017
                  10      0.803964152462608E-00017
                  11      0.806032317117779E-00017
                  12      0.808067908632491E-00017
                  13      0.810039739260759E-00017
                  14      0.811917452170635E-00017
                  15      0.813671985715664E-00017
                  16      0.815276021814618E-00017
                  17      0.816704407351852E-00017
                  18      0.817934539264692E-00017
                  19      0.818946744567103E-00017
                  20      0.819724755071219E-00017
                  21      0.820256504850267E-00017
                  22      0.820536803207304E-00017
                  23      0.820597267341247E-00017
                  24      0.820597151408906E-00017
                  25      0.820597075471568E-00017
                  26      0.820597017145770E-00017
                  27      0.820596923294819E-00017
                  28      0.820596663917656E-00017
                  29      0.820528410649328E-00017
                  30      0.820246456791443E-00017
                  31      0.819717978381376E-00017
                  32      0.818945422588505E-00017
                  33      0.817939385819708E-00017
                  34      0.816715374278808E-00017
                  35      0.815292743605584E-00017
                  36      0.813694022703335E-00017
                  37      0.811944367065448E-00017
                  38      0.810071074720318E-00017
                  39      0.808103146203688E-00017
                  40      0.806070876056951E-00017
                  41      0.804005450364971E-00017
                  42      0.801938512394215E-00017
                  43      0.799901657870964E-00017
                  44      0.797925843292006E-00017
                  45      0.796040874273070E-00017
                  46      0.794275234661326E-00017
                  47      0.792654897682637E-00017
                  48      0.791202052387675E-00017
                  49      0.789915116638053E-00017
                  50      0.787826953289498E-00017
