                   1      0.222161473372028E-00016
                   2      0.222221315118585E-00016
                   3      0.222385983873405E-00016
                   4      0.222649680865852E-00016
                   5      0.223009113222507E-00016
                   6      0.223461271590281E-00016
                   7      0.224002261872639E-00016
                   8      0.224625919868194E-00016
                   9      0.225323916929357E-00016
                  10      0.226086162241780E-00016
                  11      0.226900861719902E-00016
                  12      0.227754422795426E-00016
                  13      0.228631450472166E-00016
                  14      0.229515046408620E-00016
                  15      0.230387519209350E-00016
                  16      0.231231453701607E-00016
                  17      0.232030939830524E-00016
                  18      0.232772482055320E-00016
                  19      0.233445066818033E-00016
                  20      0.234039750300243E-00016
                  21      0.234549101362991E-00016
                  22      0.234966878076904E-00016
                  23      0.235287949690461E-00016
                  24      0.235508365871715E-00016
                  25      0.235625729895536E-00016
                  26      0.235642469773954E-00016
                  27      0.235565116821418E-00016
                  28      0.235386016901587E-00016
                  29      0.235103796892080E-00016
                  30      0.234719586336529E-00016
                  31      0.234236016427192E-00016
                  32      0.233657388464653E-00016
                  33      0.232990487429447E-00016
                  34      0.232245246942129E-00016
                  35      0.231434802009863E-00016
                  36      0.230574993137815E-00016
                  37      0.229683552848011E-00016
                  38      0.228779142008484E-00016
                  39      0.227880368256591E-00016
                  40      0.227004936267116E-00016
                  41      0.226169068415313E-00016
                  42      0.225387236946213E-00016
                  43      0.224672180393861E-00016
                  44      0.224034739207176E-00016
                  45      0.223483057484864E-00016
                  46      0.223022539163979E-00016
                  47      0.222659262296342E-00016
                  48      0.222402621140726E-00016
                  49      0.222268711790297E-00016
                  50      0.222357391821411E-00016
