                   1      0.222161529328152E-00016
                   2      0.222224977629104E-00016
                   3      0.222401294926649E-00016
                   4      0.222676651967556E-00016
                   5      0.223040640016358E-00016
                   6      0.223486326127410E-00016
                   7      0.224010245296723E-00016
                   8      0.224614173968123E-00016
                   9      0.225308154592156E-00016
                  10      0.226068961626394E-00016
                  11      0.226883897271007E-00016
                  12      0.227738769207163E-00016
                  13      0.228617439932668E-00016
                  14      0.229502750575356E-00016
                  15      0.230376377230498E-00016
                  16      0.231221159314052E-00016
                  17      0.232021739682647E-00016
                  18      0.232764817259739E-00016
                  19      0.233439346595990E-00016
                  20      0.234036336224856E-00016
                  21      0.234548424562799E-00016
                  22      0.234969601751727E-00016
                  23      0.235295242666598E-00016
                  24      0.235522157261690E-00016
                  25      0.235648316325622E-00016
                  26      0.235676398825857E-00016
                  27      0.235595623839405E-00016
                  28      0.235411980467670E-00016
                  29      0.235126297406457E-00016
                  30      0.234739688129215E-00016
                  31      0.234254744759012E-00016
                  32      0.233675975374264E-00016
                  33      0.233010317381401E-00016
                  34      0.232267527858621E-00016
                  35      0.231460404031649E-00016
                  36      0.230604509053948E-00016
                  37      0.229717522724347E-00016
                  38      0.228818488216186E-00016
                  39      0.227926322544110E-00016
                  40      0.227058015638482E-00016
                  41      0.226230008380994E-00016
                  42      0.225459364442777E-00016
                  43      0.224752420967728E-00016
                  44      0.224112283703881E-00016
                  45      0.223568287312583E-00016
                  46      0.223105478426627E-00016
                  47      0.222730157810189E-00016
                  48      0.222454689604009E-00016
                  49      0.222338164136507E-00016
                  50      0.222392401245526E-00016
