                   1      0.123839188201154E-00016
                   2      0.123858578119359E-00016
                   3      0.123916256067403E-00016
                   4      0.124009819716677E-00016
                   5      0.124137139575375E-00016
                   6      0.124296344621143E-00016
                   7      0.124486016585586E-00016
                   8      0.124704007591283E-00016
                   9      0.124944985057680E-00016
                  10      0.125204081420578E-00016
                  11      0.125475962148979E-00016
                  12      0.125755015907681E-00016
                  13      0.126035665936027E-00016
                  14      0.126312631968708E-00016
                  15      0.126581099620051E-00016
                  16      0.126836801468080E-00016
                  17      0.127076044329883E-00016
                  18      0.127295694750935E-00016
                  19      0.127493136707264E-00016
                  20      0.127666218602931E-00016
                  21      0.127813198769978E-00016
                  22      0.127932699645771E-00016
                  23      0.128023676996917E-00016
                  24      0.128085399394373E-00016
                  25      0.128117484507168E-00016
                  26      0.128120400296523E-00016
                  27      0.128094386821005E-00016
                  28      0.128038696839044E-00016
                  29      0.127953636691391E-00016
                  30      0.127839898101016E-00016
                  31      0.127698455408000E-00016
                  32      0.127530595989389E-00016
                  33      0.127337976492342E-00016
                  34      0.127122615363357E-00016
                  35      0.126886975130612E-00016
                  36      0.126634022807666E-00016
                  37      0.126367344865102E-00016
                  38      0.126091243808384E-00016
                  39      0.125810717849130E-00016
                  40      0.125531284857505E-00016
                  41      0.125258701239234E-00016
                  42      0.124998643739030E-00016
                  43      0.124756476771426E-00016
                  44      0.124537070262157E-00016
                  45      0.124345045968340E-00016
                  46      0.124183416523527E-00016
                  47      0.124053337345609E-00016
                  48      0.123956833279183E-00016
                  49      0.123896198114820E-00016
                  50      0.123873913437896E-00016
