                   1      0.130140442186541E-00016
                   2      0.130142086673837E-00016
                   3      0.130144607968974E-00016
                   4      0.130149114049565E-00016
                   5      0.130155473782852E-00016
                   6      0.130163413143035E-00016
                   7      0.130172783645012E-00016
                   8      0.130183434891514E-00016
                   9      0.130195014578695E-00016
                  10      0.130207367117707E-00016
                  11      0.130220113233986E-00016
                  12      0.130232975060014E-00016
                  13      0.130245724877348E-00016
                  14      0.130258230270380E-00016
                  15      0.130270395771412E-00016
                  16      0.130281778214988E-00016
                  17      0.130290828885497E-00016
                  18      0.130295330737049E-00016
                  19      0.130295195943384E-00016
                  20      0.130289056707950E-00016
                  21      0.130271543841799E-00016
                  22      0.130237748540721E-00016
                  23      0.130182731003558E-00016
                  24      0.130101496878734E-00016
                  25      0.129989535945419E-00016
                  26      0.129843380567716E-00016
                  27      0.129661182457471E-00016
                  28      0.129442768416907E-00016
                  29      0.129189522021157E-00016
                  30      0.128904318017866E-00016
                  31      0.128591276255268E-00016
                  32      0.128255620697102E-00016
                  33      0.127903566671060E-00016
                  34      0.127541668900105E-00016
                  35      0.127176027030390E-00016
                  36      0.126811935640721E-00016
                  37      0.126454076819871E-00016
                  38      0.126106830356072E-00016
                  39      0.125774326532181E-00016
                  40      0.125460273916388E-00016
                  41      0.125167826971195E-00016
                  42      0.124899649152514E-00016
                  43      0.124658047396180E-00016
                  44      0.124445040085181E-00016
                  45      0.124262407158181E-00016
                  46      0.124112971055994E-00016
                  47      0.123994613295566E-00016
                  48      0.123908453591478E-00016
                  49      0.123856041662573E-00016
                  50      0.123839190300216E-00016
