                   1      0.130140442173142E-00016
                   2      0.130143148697913E-00016
                   3      0.130152534009068E-00016
                   4      0.130166237317585E-00016
                   5      0.130184097592657E-00016
                   6      0.130206974529892E-00016
                   7      0.130237203942160E-00016
                   8      0.130276630749509E-00016
                   9      0.130325892322672E-00016
                  10      0.130376562838730E-00016
                  11      0.130427550484613E-00016
                  12      0.130532373237744E-00016
                  13      0.130532632265833E-00016
                  14      0.130568383776481E-00016
                  15      0.130567060484407E-00016
                  16      0.130538736603785E-00016
                  17      0.130461438172601E-00016
                  18      0.130389671420361E-00016
                  19      0.130302196828074E-00016
                  20      0.130181868387038E-00016
                  21      0.130066225003678E-00016
                  22      0.129871538754809E-00016
                  23      0.129992310851908E-00016
                  24      0.130262205117367E-00016
                  25      0.130590894934072E-00016
                  26      0.131052631321950E-00016
                  27      0.131718034992138E-00016
                  28      0.132402965088027E-00016
                  29      0.133140978459536E-00016
                  30      0.133825571136476E-00016
                  31      0.134428289523832E-00016
                  32      0.134928484133824E-00016
                  33      0.135318772949509E-00016
                  34      0.135596004217310E-00016
                  35      0.135764417257891E-00016
                  36      0.135829150032952E-00016
                  37      0.135799571005751E-00016
                  38      0.135676590883301E-00016
                  39      0.135467337253902E-00016
                  40      0.135183403854907E-00016
                  41      0.134820988336081E-00016
                  42      0.134342328537041E-00016
                  43      0.133804043127483E-00016
                  44      0.133233443741990E-00016
                  45      0.132649764126051E-00016
                  46      0.132074250186398E-00016
                  47      0.131530628008143E-00016
                  48      0.131043883084208E-00016
                  49      0.130638777864541E-00016
                  50      0.130154787297520E-00016
