                   1      0.408182857240652E-00016
                   2      0.408640420255072E-00016
                   3      0.409914594451329E-00016
                   4      0.411947760918176E-00016
                   5      0.414744761068207E-00016
                   6      0.418321205395187E-00016
                   7      0.422683058898946E-00016
                   8      0.427821965940429E-00016
                   9      0.433718092037572E-00016
                  10      0.440343981552509E-00016
                  11      0.447658529746989E-00016
                  12      0.455469309051903E-00016
                  13      0.461918835781139E-00016
                  14      0.466278793739337E-00016
                  15      0.470039002932847E-00016
                  16      0.473196615562638E-00016
                  17      0.475786280127676E-00016
                  18      0.478106325082950E-00016
                  19      0.480408504576828E-00016
                  20      0.482729290975774E-00016
                  21      0.484984516727282E-00016
                  22      0.487072717705400E-00016
                  23      0.488890383764885E-00016
                  24      0.490311169221657E-00016
                  25      0.491196951871555E-00016
                  26      0.491455073365654E-00016
                  27      0.491175567584177E-00016
                  28      0.490305929711893E-00016
                  29      0.488971301923805E-00016
                  30      0.487390095736615E-00016
                  31      0.485853168695867E-00016
                  32      0.484745325357415E-00016
                  33      0.485966673897178E-00016
                  34      0.486953781236344E-00016
                  35      0.486602068105900E-00016
                  36      0.482736473246367E-00016
                  37      0.475889614832814E-00016
                  38      0.467617126186360E-00016
                  39      0.459022505097739E-00016
                  40      0.450690361193736E-00016
                  41      0.442898649105774E-00016
                  42      0.435783353386685E-00016
                  43      0.429417916902391E-00016
                  44      0.423847682670960E-00016
                  45      0.419103539311071E-00016
                  46      0.415203709219890E-00016
                  47      0.412153112396538E-00016
                  48      0.409959133489143E-00016
                  49      0.408676966888393E-00016
                  50      0.408502542105391E-00016
