                   1      0.408182857259560E-00016
                   2      0.408788944584596E-00016
                   3      0.410481696509022E-00016
                   4      0.413244991786610E-00016
                   5      0.417080922045926E-00016
                   6      0.421949886540450E-00016
                   7      0.427813622114461E-00016
                   8      0.434617322558101E-00016
                   9      0.442213049215082E-00016
                  10      0.449798784432904E-00016
                  11      0.448991810186586E-00016
                  12      0.449253886971318E-00016
                  13      0.450151301274738E-00016
                  14      0.451348874964732E-00016
                  15      0.452784900199330E-00016
                  16      0.454666651087336E-00016
                  17      0.457398602656478E-00016
                  18      0.460480741977069E-00016
                  19      0.464105291185313E-00016
                  20      0.467965040576346E-00016
                  21      0.471313022623804E-00016
                  22      0.474259463533633E-00016
                  23      0.477220239206105E-00016
                  24      0.480289362771957E-00016
                  25      0.483183306798402E-00016
                  26      0.485827340832679E-00016
                  27      0.488155767104510E-00016
                  28      0.490007629387495E-00016
                  29      0.491138991065752E-00016
                  30      0.491363420788372E-00016
                  31      0.490688174808409E-00016
                  32      0.489209385742645E-00016
                  33      0.487198322764436E-00016
                  34      0.485134215036702E-00016
                  35      0.483912455798325E-00016
                  36      0.485236463423537E-00016
                  37      0.485635307937447E-00016
                  38      0.483256896510986E-00016
                  39      0.476897862281026E-00016
                  40      0.467497164982674E-00016
                  41      0.457268712462299E-00016
                  42      0.447450759511790E-00016
                  43      0.438486623809714E-00016
                  44      0.430564527078985E-00016
                  45      0.423781186779823E-00016
                  46      0.418192693226101E-00016
                  47      0.413827953045374E-00016
                  48      0.410721641720701E-00016
                  49      0.408876811479516E-00016
                  50      0.408511351484490E-00016
